421   #numsegs
1779
1787
1822
1823
1824
1825
1833
1834
1835
1836
1837
1838
1839
1840
1846
1847
1848
1849
1850
1851
1853
1854
1855
1858
1859
1860
1861
1862
1868
1869
1870
1871
1872
1873
1874
1875
1876
1883
1884
1885
1886
1892
1895
1902
1903
1904
1912
1913
1914
1915
1927
1928
1934
1935
1936
1937
1938
1943
1944
1945
1951
1952
1953
1954
1959
1960
1961
1963
1968
1969
1971
1972
1974
1975
1976
1977
1984
1985
1986
1991
1992
1993
1997
1998
1999
2000
2001
2005
2006
2007
2010
2011
2012
2013
2014
2018
2019
2020
2021
2024
2025
2026
2027
2028
2029
2033
2034
2035
2039
2040
2041
2042
2043
2044
2045
2046
2047
2048
2050
2051
2052
2053
2054
2058
2059
2060
2061
2062
2069
2073
2074
2075
2078
2079
2080
2081
2082
2088
2089
2090
2092
2093
2095
2096
2097
2098
2101
2102
2103
2104
2108
2111
2112
2113
2114
2115
2116
2117
2118
2123
2124
2125
2126
2127
2132
2133
2134
2139
2140
2141
2146
2147
2148
2150
2151
2157
2158
2159
2162
2163
2164
2165
2167
2168
2169
2170
2171
2172
2173
2174
2175
2176
2180
2181
2182
2183
2184
2185
2186
2187
2188
2190
2191
2192
2193
2194
2195
2196
2197
2198
2199
2203
2204
2205
2206
2207
2210
2211
2214
2215
2216
2219
2220
2221
2222
2223
2224
2225
2226
2227
2228
2229
2230
2231
2232
2233
2234
2235
2237
2241
2242
2243
2244
2252
2253
2254
2255
2260
2261
2262
2263
2266
2267
2268
2269
2272
2273
2274
2275
2276
2277
2278
2279
2280
2281
2282
2283
2284
2285
2286
2287
2288
2289
2290
2291
2292
2293
2294
2295
2296
2297
2298
2299
2300
2301
2302
2303
2304
2305
2306
2307
2308
2309
2310
2311
2312
2313
2314
2315
2316
2317
2318
2319
2320
2321
2322
2323
2324
2325
2326
2327
2328
2329
2330
2331
2332
2333
2334
2335
2336
2337
2338
2339
2340
2341
2342
2343
2344
2345
2346
2347
2348
2349
2350
2351
2352
2353
2354
2355
2356
2357
2358
2359
2360
2361
2362
2363
2364
2365
2366
2367
2368
2369
2370
2371
2372
2373
2374
2375
2376
2377
2378
2379
2380
2381
2382
2383
2384
2385
2386
2387
2388
2389
2390
2391
2392
2393
2394
2395
2396
2397
2398
2399
2400
2401
2402
2403
2404
2405
2406
2407
2408
2409
2410
2411
2412
2413
2414
2415
2416
2417
2418
2419
2420
2421
2422
2423
2424
2425
2426
2427
2428
2429
2430
2431
2432
2433
2434
2435
2436
2437

