623900.00000000 4017700.00000000 39
623900.00000000 4017700.00000000 39
623900.00000000 4017700.00000000 39
623900.00000000 4017700.00000000 39
616160.00000000 4019910.00000000 1
620835.00000000 4020480.00000000 44
628800.00000000 4021900.00000000 3
628800.00000000 4021900.00000000 3
628800.00000000 4021900.00000000 3
628800.00000000 4021900.00000000 3
624378.00000000 4022350.00000000 40
615811.00000000 4023510.00000000 238
613690.00000000 4026160.00000000 22
619688.00000000 4026190.00000000 41
622700.00000000 4026200.00000000 42
622700.00000000 4026200.00000000 42
622700.00000000 4026200.00000000 42
622700.00000000 4026200.00000000 42
627245.00000000 4026960.00000000 50
634763.00000000 4027160.00000000 116
617300.00000000 4029800.00000000 29
617300.00000000 4029800.00000000 29
617300.00000000 4029800.00000000 29
617300.00000000 4029800.00000000 29
612200.00000000 4029800.00000000 24
612200.00000000 4029800.00000000 24
612200.00000000 4029800.00000000 24
612200.00000000 4029800.00000000 24
608200.00000000 4029900.00000000 23
608200.00000000 4029900.00000000 23
608200.00000000 4029900.00000000 23
608200.00000000 4029900.00000000 23
629557.00000000 4030060.00000000 59
626322.00000000 4031840.00000000 118
620982.00000000 4032510.00000000 55
632195.00000000 4033210.00000000 60
624418.00000000 4033420.00000000 130
604618.00000000 4033580.00000000 67
628600.00000000 4034800.00000000 58
628600.00000000 4034800.00000000 58
628600.00000000 4034800.00000000 58
628600.00000000 4034800.00000000 58
623631.00000000 4036800.00000000 340
623631.00000000 4036800.00000000 340
620363.00000000 4038880.00000000 10
627822.00000000 4039840.00000000 63
624848.00000000 4042750.00000000 322
