ISEG IRCH JRCH OUTSEG
1 7 30 4
2 8 22 12
3 8 27 4
4 10 27 26
5 10 41 20
6 10 75 17
7 10 82 17
8 11 20 12
9 11 35 36
10 11 57 21
11 12 30 26
12 13 21 33
13 13 45 20
14 13 63 21
15 14 66 28
16 15 78 22
17 14 80 22
18 14 92 32
19 14 105 38
20 15 40 30
21 15 64 28
22 15 80 50
23 15 89 32
24 15 97 35
25 16 14 59
26 16 26 33
27 16 55 64
28 16 64 54
29 16 94 35
30 17 40 97
31 17 45 30
32 17 90 44
33 18 26 36
34 18 71 126
35 18 94 37
36 19 26 157
37 20 92 44
38 21 96 37
39 20 144 46
40 21 18 59
41 22 88 50
42 21 148 46
43 22 54 67
44 22 89 41
45 23 107 38
46 22 142 62
47 23 40 110
48 23 67 54
49 23 78 55
50 23 82 55
51 25 88 41
52 24 28 97
53 24 133 62
54 25 60 67
55 25 80 77
56 25 123 83
57 26 93 86
58 26 114 83
59 27 14 76
60 27 49 64
61 27 127 100
62 27 133 74
63 28 20 76
64 28 45 119
65 28 150 88
66 28 155 75
67 29 59 111
68 29 102 86
69 29 135 74
70 29 143 238
71 30 158 75
72 30 53 122
73 30 110 165
74 30 132 95
75 30 153 88
76 31 14 102
77 31 78 152
78 32 81 77
79 31 103 105
80 31 116 94
81 32 46 120
82 32 95 92
83 32 119 94
84 33 64 111
85 33 87 152
86 33 98 92
87 33 129 95
88 33 147 139
89 33 156 115
90 34 37 110
91 34 61 111
92 34 98 105
93 34 104 137
94 34 118 113
95 34 127 100
96 35 7 128
97 35 27 146
98 35 41 119
99 35 116 113
100 35 126 114
101 35 144 139
102 36 13 116
103 41 20 102
104 36 93 105
105 36 99 137
106 38 130 114
107 36 159 115
108 37 7 128
109 38 15 102
110 37 34 149
111 37 59 125
112 37 67 126
113 37 118 166
114 37 125 185
115 37 149 140
116 38 10 129
117 41 14 116
118 38 29 147
119 38 39 131
120 38 46 119
121 38 48 120
122 38 49 121
123 38 52 122
124 38 54 123
125 38 58 124
126 39 61 125
127 38 71 144
128 39 8 141
129 39 9 141
130 48 14 129
131 39 36 149
132 45 39 131
133 42 49 121
134 45 50 122
135 41 54 123
136 40 57 124
137 39 101 154
138 39 103 154
139 39 141 161
140 39 147 161
141 40 8 0
142 40 21 103
143 40 59 136
144 43 66 143
145 41 151 140
146 41 26 158
147 41 28 146
148 41 30 147
149 41 33 148
150 45 58 136
151 42 59 143
152 41 75 194
153 41 88 195
154 41 102 165
155 41 112 218
156 42 22 103
157 42 23 156
158 42 24 157
159 47 31 148
160 42 119 166
161 42 141 167
162 52 19 156
163 46 27 158
164 43 98 184
165 43 102 222
166 43 116 218
167 43 140 189
168 45 146 167
169 47 65 144
170 45 68 144
171 44 95 184
172 44 123 185
173 44 161 201
174 45 70 170
175 45 90 196
176 45 92 200
177 45 137 189
178 47 45 134
179 49 48 134
180 54 52 134
181 50 56 150
182 54 61 150
183 47 68 170
184 46 95 217
185 46 120 251
186 46 155 225
187 47 105 223
188 47 107 223
189 47 136 246
190 47 149 270
191 47 161 201
192 47 296 234
193 50 67 183
194 49 70 183
195 48 87 220
196 48 88 195
197 48 96 217
198 49 75 204
199 53 87 220
200 49 89 196
201 49 159 225
202 51 69 194
203 50 72 194
204 50 73 203
205 50 74 204
206 50 76 205
207 50 79 206
208 50 90 200
209 50 92 208
210 54 72 203
211 58 73 204
212 56 74 205
213 51 78 206
214 52 81 213
215 55 89 208
216 53 92 208
217 51 96 221
218 51 111 229
219 56 79 213
220 52 82 214
221 52 97 233
222 52 102 221
223 52 103 222
224 52 148 295
225 52 157 267
226 52 167 267
227 52 305 241
228 55 82 214
229 55 105 222
230 53 123 238
231 53 308 241
232 59 91 216
233 54 95 216
234 54 292 297
235 58 58 182
236 56 62 182
237 59 95 233
238 55 121 243
239 55 152 296
240 55 295 234
241 55 307 261
242 57 106 229
243 56 116 252
244 59 120 243
245 63 122 238
246 57 123 238
247 56 169 286
248 61 57 249
249 57 62 236
250 58 65 236
251 57 113 258
252 57 115 251
253 57 301 261
254 57 312 269
255 61 63 249
256 59 105 242
257 59 109 242
258 58 112 257
259 64 120 252
260 61 128 246
261 58 307 269
262 61 114 258
263 61 93 237
264 66 97 237
265 67 110 257
266 60 136 279
267 60 155 310
268 60 168 286
269 60 307 288
270 61 130 260
271 61 161 323
272 61 297 327
273 61 304 288
274 64 60 255
275 64 65 255
276 62 85 306
277 67 127 260
278 62 133 270
279 62 134 278
280 62 138 285
281 62 172 311
282 62 312 339
283 63 67 275
284 73 132 278
285 63 137 279
286 63 164 311
287 63 276 326
288 63 305 327
289 63 317 339
290 64 81 317
291 65 141 285
292 66 67 275
293 68 120 259
294 67 123 259
295 65 142 291
296 65 143 295
297 65 284 326
298 65 287 297
299 67 141 291
300 67 142 295
301 67 145 296
302 66 272 341
303 69 65 292
304 67 68 292
305 67 74 304
306 67 84 317
307 68 90 306
308 69 104 265
309 69 138 299
310 69 150 301
311 67 162 323
312 67 176 393
313 67 295 359
314 67 323 425
315 68 58 328
316 71 71 304
317 68 83 369
318 72 93 307
319 72 112 265
320 70 138 299
321 73 142 301
322 80 140 301
323 68 157 331
324 68 186 393
325 68 268 351
326 68 275 337
327 68 302 343
328 69 60 303
329 70 90 307
330 71 101 308
331 71 153 310
332 69 169 384
333 73 57 328
334 71 64 303
335 77 103 308
336 72 150 310
337 70 274 341
338 70 276 337
339 70 306 343
340 74 75 316
341 71 271 351
342 71 291 374
343 71 302 359
344 71 318 424
345 74 67 316
346 77 61 316
347 75 97 330
348 75 101 330
349 74 153 331
350 72 262 388
351 72 269 388
352 78 111 319
353 73 112 319
354 74 119 353
355 75 139 321
356 73 167 391
357 73 189 534
358 73 293 374
359 73 299 404
360 73 311 389
361 74 86 375
362 76 114 353
363 76 122 354
364 75 140 321
365 74 180 466
366 74 184 450
367 74 257 418
368 79 75 340
369 75 76 340
370 77 122 354
371 76 153 349
372 75 157 349
373 75 284 541
374 75 293 404
375 78 80 369
376 78 96 348
377 80 98 348
378 85 143 371
379 76 286 443
380 76 306 422
381 76 311 389
382 77 107 352
383 79 125 370
384 78 154 371
385 77 195 431
386 77 245 452
387 77 249 452
388 77 262 418
389 77 308 422
390 79 123 370
391 78 162 401
392 78 164 391
393 78 168 429
394 78 197 431
395 78 257 433
396 78 322 424
397 81 83 375
398 79 89 397
399 79 111 352
400 84 149 384
401 79 155 384
402 79 191 467
403 79 275 570
404 79 293 443
405 82 73 368
406 83 77 368
407 85 105 408
408 80 110 399
409 84 119 399
410 82 127 383
411 80 128 383
412 80 131 410
413 81 156 401
414 80 172 503
415 80 189 476
416 80 241 485
417 80 255 454
418 80 259 433
419 80 269 470
420 80 279 556
421 80 301 456
422 80 305 457
423 80 312 422
424 80 323 444
425 80 326 444
426 80 328 425
427 81 333 426
428 87 109 408
429 83 161 413
430 81 179 450
431 81 195 467
432 81 202 658
433 81 258 454
434 81 285 529
435 81 292 455
436 84 330 426
437 82 335 427
438 82 68 405
439 83 83 397
440 83 157 413
441 82 207 483
442 82 264 470
443 82 290 455
444 82 323 487
445 84 336 427
446 86 70 405
447 87 73 405
448 83 127 410
449 83 132 448
450 83 177 466
451 83 238 485
452 83 247 508
453 83 252 486
454 83 256 486
455 83 290 509
456 83 301 509
457 83 302 456
458 83 313 457
459 83 319 494
460 84 83 439
461 85 85 439
462 85 128 448
463 85 134 448
464 84 162 429
465 85 165 464
466 84 176 503
467 84 189 476
468 84 206 483
469 84 210 483
470 84 264 555
471 88 341 445
472 86 81 460
473 89 79 460
474 85 101 407
475 85 162 464
476 85 187 504
477 87 335 445
478 88 86 461
479 87 87 461
480 87 103 407
481 87 151 475
482 87 164 475
483 86 208 523
484 86 236 518
485 86 245 508
486 86 254 537
487 86 319 494
488 87 323 487
489 86 327 488
490 89 94 479
491 87 222 596
492 87 234 518
493 87 267 539
494 87 317 531
495 88 325 488
496 88 87 479
497 94 105 428
498 88 110 428
499 89 115 498
500 91 126 499
501 94 160 482
502 88 165 482
503 88 167 502
504 88 184 551
505 88 190 504
506 88 204 619
507 88 225 597
508 88 247 535
509 88 291 529
510 90 85 496
511 96 84 496
512 92 91 496
513 90 96 490
514 93 112 498
515 92 167 502
516 89 211 523
517 89 216 635
518 89 235 581
519 92 341 471
520 91 344 471
521 91 96 490
522 91 121 499
523 90 209 595
524 90 250 536
525 91 291 529
526 91 136 604
527 91 229 581
528 91 240 606
529 91 288 543
530 92 293 525
531 91 314 611
532 96 323 531
533 92 142 624
534 92 168 515
535 92 247 583
536 92 248 535
537 92 249 536
538 93 256 537
539 92 263 568
540 92 265 539
541 92 279 556
542 92 283 541
543 92 284 542
544 94 294 525
545 92 301 609
546 92 310 592
547 92 330 601
548 95 92 512
549 95 95 512
550 97 118 514
551 93 168 515
552 94 173 534
553 93 188 674
554 93 216 596
555 93 257 538
556 93 275 571
557 94 285 542
558 95 287 543
559 93 308 592
560 95 103 497
561 96 111 514
562 94 126 550
563 94 149 615
564 97 170 551
565 99 255 538
566 94 258 555
567 94 262 566
568 94 263 567
569 95 268 568
570 94 272 588
571 94 274 570
572 94 325 532
573 94 334 601
574 101 102 497
575 95 137 604
576 95 154 577
577 96 157 501
578 99 161 501
579 95 182 617
580 95 208 595
581 95 228 597
582 95 235 654
583 95 244 606
584 97 249 583
585 99 259 566
586 98 262 567
587 100 266 568
588 95 271 569
589 98 274 588
590 97 278 571
591 97 291 558
592 95 309 611
593 97 91 548
594 106 102 548
595 96 204 619
596 96 218 635
597 96 224 644
598 96 269 569
599 99 272 598
600 97 288 558
601 96 328 612
602 98 109 561
603 100 113 561
604 97 140 623
605 98 152 577
606 97 242 654
607 101 269 598
608 102 285 590
609 98 293 591
610 97 306 637
611 97 307 637
612 97 324 532
613 101 125 550
614 98 135 623
615 98 151 605
616 98 168 564
617 98 171 564
618 98 188 658
619 98 201 659
620 98 278 590
621 99 291 591
622 102 328 612
623 99 140 670
624 99 150 615
625 104 155 605
626 102 173 617
627 102 278 620
628 100 281 620
629 100 293 609
630 99 295 609
631 99 316 663
632 99 338 666
633 101 148 624
634 100 197 659
635 100 218 644
636 100 232 705
637 100 304 699
638 103 111 603
639 103 115 603
640 101 132 669
641 104 144 633
642 101 192 692
643 101 207 715
644 101 218 693
645 101 247 662
646 106 291 629
647 109 294 629
648 101 317 664
649 101 332 622
650 101 342 666
651 111 151 633
652 103 169 626
653 102 182 687
654 102 239 662
655 102 309 678
656 104 165 652
657 103 173 626
658 103 185 700
659 103 195 703
660 103 228 696
661 103 230 696
662 103 239 688
663 103 312 678
664 103 314 663
665 103 322 679
666 103 337 622
667 107 113 639
668 109 117 639
669 105 139 670
670 104 141 641
671 107 166 652
672 106 171 657
673 104 174 657
674 104 175 673
675 104 204 714
676 107 245 688
677 104 263 733
678 104 308 699
679 106 318 664
680 105 127 740
681 108 144 641
682 106 153 683
683 105 155 625
684 106 157 625
685 113 167 673
686 105 176 674
687 107 179 686
688 105 238 697
689 110 133 669
690 112 159 683
691 111 178 686
692 106 191 702
693 106 209 715
694 108 211 693
695 106 220 751
696 106 231 723
697 106 237 705
698 106 250 676
699 106 303 736
700 107 181 687
701 107 183 700
702 107 186 701
703 107 192 692
704 107 227 773
705 107 236 723
706 108 239 697
707 107 275 752
708 108 320 679
709 111 181 700
710 113 181 701
711 112 188 702
712 112 197 703
713 108 203 712
714 108 204 713
715 108 206 714
716 108 247 676
717 108 254 744
718 108 270 763
719 110 327 708
720 108 345 729
721 108 351 729
722 109 205 713
723 109 235 758
724 109 259 733
725 109 280 752
726 110 299 736
727 109 312 737
728 113 323 708
729 109 345 801
730 111 123 740
731 113 140 689
732 110 215 751
733 110 257 744
734 110 267 763
735 110 285 753
736 110 303 755
737 110 306 736
738 113 315 737
739 110 337 808
740 111 130 741
741 112 131 689
742 111 243 758
743 112 224 817
744 112 255 787
745 112 330 843
746 112 360 820
747 115 131 741
748 115 183 711
749 118 189 711
750 116 197 712
751 113 218 876
752 113 272 774
753 113 280 764
754 114 284 753
755 113 303 766
756 118 312 755
757 114 115 783
758 114 233 773
759 114 261 787
760 114 299 766
761 115 119 783
762 116 138 769
763 115 269 774
764 115 277 779
765 115 290 796
766 115 302 780
767 115 351 790
768 120 128 747
769 117 133 747
770 116 145 784
771 116 201 750
772 116 210 804
773 116 231 818
774 116 270 779
775 116 279 764
776 117 170 852
777 118 198 750
778 117 247 857
779 117 270 833
780 117 302 797
781 127 308 780
782 117 316 756
783 118 120 811
784 120 136 769
785 118 152 813
786 118 251 841
787 118 255 841
788 118 290 796
789 118 319 799
790 118 344 801
791 119 162 871
792 121 186 749
793 120 188 749
794 119 197 777
795 122 202 777
796 119 288 858
797 119 300 859
798 120 303 797
799 120 313 756
800 119 325 843
801 119 341 808
802 120 350 790
803 124 198 794
804 124 203 794
805 120 211 855
806 120 259 889
807 120 321 829
808 120 339 860
809 120 359 820
810 120 364 830
811 125 122 768
812 124 130 768
813 121 143 784
814 121 157 851
815 123 185 793
816 122 188 793
817 121 226 876
818 121 227 817
819 121 314 799
820 121 362 830
821 122 114 845
822 124 147 813
823 122 176 852
824 124 232 818
825 122 237 839
826 122 280 878
827 122 295 859
828 129 318 819
829 123 318 819
830 122 363 864
831 123 179 832
832 125 181 815
833 123 265 1043
834 123 273 833
835 123 333 882
836 125 105 867
837 126 184 815
838 124 211 902
839 125 237 824
840 124 244 857
841 124 252 889
842 124 283 858
843 125 321 829
844 124 360 864
845 125 116 846
846 125 121 811
847 128 129 812
848 126 134 812
849 125 154 929
850 127 161 851
851 125 165 870
852 125 176 873
853 125 195 803
854 128 196 803
855 125 204 804
856 128 233 824
857 125 242 877
858 125 281 878
859 125 293 880
860 125 336 882
861 125 338 860
862 125 345 940
863 125 352 1048
864 125 363 890
865 125 366 890
866 126 109 867
867 126 111 845
868 133 111 846
869 129 122 811
870 126 167 871
871 126 170 872
872 127 174 873
873 126 176 874
874 126 178 832
875 130 208 855
876 126 220 903
877 126 239 839
878 126 279 972
879 126 289 905
880 126 292 905
881 127 294 880
882 126 333 931
883 126 366 890
884 130 134 848
885 127 136 848
886 133 162 870
887 128 179 874
888 129 242 877
889 127 252 936
890 127 364 916
891 132 141 885
892 128 142 885
893 129 173 872
894 129 104 868
895 129 156 929
896 133 175 893
897 133 179 887
898 131 182 887
899 130 193 900
900 129 195 854
901 132 199 854
902 129 210 875
903 131 214 902
904 129 257 990
905 129 288 958
906 129 361 916
907 131 120 869
908 131 125 869
909 133 170 893
910 130 190 899
911 135 195 900
912 130 229 948
913 130 268 971
914 130 302 994
915 130 324 951
916 130 364 964
917 130 367 916
918 131 91 941
919 134 116 907
920 131 191 899
921 132 208 875
922 133 217 903
923 131 248 936
924 131 265 1017
925 131 272 971
926 133 119 907
927 134 121 907
928 132 150 943
929 132 161 886
930 132 272 982
931 132 331 951
932 132 345 940
933 137 144 891
934 135 146 891
935 134 233 948
936 133 248 990
937 133 312 974
938 133 332 931
939 133 335 938
940 133 342 962
941 135 107 942
942 134 110 868
943 134 161 886
944 136 166 909
945 136 170 909
946 140 215 922
947 136 224 922
948 134 225 947
949 134 282 972
950 134 310 974
951 134 326 960
952 143 111 942
953 142 116 927
954 137 123 927
955 136 160 943
956 136 188 911
957 135 238 1002
958 135 282 972
959 135 301 983
960 135 325 1019
961 139 329 960
962 135 341 938
963 135 343 962
964 135 364 976
965 135 372 964
966 136 87 1033
967 138 102 941
968 137 135 987
969 138 152 955
970 139 197 911
971 136 267 982
972 136 281 1029
973 136 287 958
974 136 311 1058
975 136 359 996
976 136 363 996
977 137 99 998
978 139 157 955
979 139 169 945
980 139 174 945
981 137 225 947
982 137 267 1003
983 137 294 994
984 137 318 1018
985 140 367 976
986 141 120 954
987 138 124 954
988 143 220 981
989 139 229 981
990 138 249 1028
991 138 252 1028
992 138 269 1003
993 138 273 1067
994 138 292 1029
995 138 300 983
996 138 360 1021
997 139 82 1032
998 139 101 967
999 145 103 967
1000 140 124 987
1001 142 204 970
1002 139 234 989
1003 139 265 1017
1004 139 346 1069
1005 140 372 985
1006 142 95 998
1007 140 139 1061
1008 143 165 979
1009 144 171 979
1010 143 177 1036
1011 141 196 970
1012 140 209 1054
1013 145 224 989
1014 141 229 989
1015 140 235 1002
1016 141 238 1015
1017 140 260 1044
1018 140 318 1046
1019 140 319 1018
1020 141 322 1019
1021 140 358 1048
1022 141 360 1021
1023 142 125 1000
1024 142 127 1000
1025 143 233 1015
1026 141 239 1016
1027 142 244 1026
1028 141 249 1041
1029 141 279 1082
1030 141 352 1060
1031 143 366 985
1032 142 91 1033
1033 142 93 1006
1034 142 144 1061
1035 144 183 1036
1036 142 187 1126
1037 143 227 1014
1038 143 231 1014
1039 145 237 1016
1040 157 242 1026
1041 142 248 1027
1042 143 251 1041
1043 142 256 1056
1044 142 257 1043
1045 144 263 1044
1046 142 315 1058
1047 142 336 1069
1048 142 355 1060
1049 147 87 1032
1050 146 94 1006
1051 152 112 1023
1052 149 127 1023
1053 149 203 1001
1054 143 205 1001
1055 159 249 1027
1056 143 255 1042
1057 145 258 1056
1058 143 308 1084
1059 144 315 1046
1060 143 354 1103
1061 144 139 1115
1062 146 162 1008
1063 149 167 1008
1064 144 211 1054
1065 150 251 1042
1066 150 255 1056
1067 146 269 1045
1068 144 296 1102
1069 144 338 1150
1070 145 77 1098
1071 145 149 1137
1072 145 159 1062
1073 149 263 1045
1074 145 302 1092
1075 145 333 1134
1076 146 83 1099
1077 148 102 999
1078 148 107 999
1079 149 231 1080
1080 146 236 1039
1081 149 238 1039
1082 146 276 1101
1083 148 284 1082
1084 146 303 1092
1085 146 343 1151
1086 146 351 1103
1087 147 136 1114
1088 148 162 1062
1089 149 234 1080
1090 148 271 1067
1091 147 288 1102
1092 147 301 1146
1093 147 327 1165
1094 147 331 1134
1095 147 355 1103
1096 147 374 1154
1097 148 76 1098
1098 148 79 1105
1099 148 85 1049
1100 148 87 1049
1101 148 272 1090
1102 148 286 1083
1103 148 352 1168
1104 152 76 1105
1105 149 80 1106
1106 149 81 1107
1107 149 84 1099
1108 157 90 1100
1109 150 89 1100
1110 149 100 1077
1111 150 103 1077
1112 151 105 1077
1113 150 124 1052
1114 149 138 1115
1115 149 139 1157
1116 152 272 1090
1117 152 275 1101
1118 152 293 1083
1119 149 294 1118
1120 151 80 1106
1121 154 84 1107
1122 150 97 1110
1123 153 100 1110
1124 153 129 1052
1125 155 136 1114
1126 150 202 1053
1127 154 206 1053
1128 150 213 1143
1129 153 235 1081
1130 155 239 1081
1131 157 261 1073
1132 155 264 1073
1133 150 311 1084
1134 150 332 1149
1135 150 345 1167
1136 150 360 1200
1137 151 147 1183
1138 151 152 1184
1139 151 171 1205
1140 151 175 1205
1141 151 180 1186
1142 154 200 1126
1143 151 211 1127
1144 156 253 1066
1145 155 257 1066
1146 151 297 1118
1147 153 302 1146
1148 151 319 1225
1149 151 331 1165
1150 151 333 1149
1151 151 340 1150
1152 152 342 1151
1153 151 365 1201
1154 151 370 1179
1155 151 374 1154
1156 164 143 1157
1157 152 146 1137
1158 152 154 1204
1159 152 186 1187
1160 152 192 1188
1161 154 216 1143
1162 152 219 1161
1163 152 224 1189
1164 153 299 1146
1165 152 327 1173
1166 157 335 1150
1167 152 344 1152
1168 152 350 1177
1169 154 270 1116
1170 157 270 1116
1171 156 274 1117
1172 153 276 1117
1173 153 326 1194
1174 153 328 1173
1175 161 341 1152
1176 153 347 1167
1177 153 348 1176
1178 154 355 1168
1179 153 368 1201
1180 155 371 1179
1181 155 100 1123
1182 155 103 1123
1183 154 151 1184
1184 154 152 1204
1185 154 182 1186
1186 154 184 1187
1187 154 186 1206
1188 154 192 1142
1189 154 222 1209
1190 154 227 1189
1191 159 274 1172
1192 154 278 1172
1193 158 291 1192
1194 154 325 1225
1195 156 328 1194
1196 156 346 1176
1197 160 351 1177
1198 154 356 1178
1199 154 357 1198
1200 154 359 1199
1201 154 362 1200
1202 157 147 1183
1203 162 149 1204
1204 155 153 1222
1205 155 175 1314
1206 156 191 1188
1207 161 201 1142
1208 159 214 1127
1209 155 218 1161
1210 158 222 1209
1211 159 282 1192
1212 155 308 1308
1213 155 316 1280
1214 156 356 1178
1215 157 357 1198
1216 157 362 1199
1217 156 98 1181
1218 157 99 1181
1219 158 119 1226
1220 157 135 1125
1221 157 138 1125
1222 156 154 1255
1223 161 255 1145
1224 163 259 1145
1225 156 320 1230
1226 157 124 1236
1227 162 153 1222
1228 157 167 1284
1229 162 190 1206
1230 157 319 1281
1231 159 322 1230
1232 158 99 1218
1233 160 102 1218
1234 160 112 1219
1235 165 121 1226
1236 158 128 1220
1237 160 135 1220
1238 158 160 1255
1239 158 171 1285
1240 160 266 1170
1241 162 269 1170
1242 158 311 1280
1243 160 96 1232
1244 159 99 1232
1245 159 118 1219
1246 160 127 1236
1247 159 163 1272
1248 159 182 1286
1249 160 217 1208
1250 159 380 1310
1251 161 97 1244
1252 160 99 1244
1253 165 116 1245
1254 164 118 1245
1255 160 161 1271
1256 163 215 1208
1257 162 220 1249
1258 162 264 1240
1259 163 272 1279
1260 161 280 1211
1261 161 283 1211
1262 161 284 1211
1263 160 369 1360
1264 164 100 1252
1265 163 102 1252
1266 161 110 1234
1267 163 112 1234
1268 164 131 1237
1269 164 136 1237
1270 162 159 1271
1271 161 162 1272
1272 161 163 1284
1273 162 204 1207
1274 164 220 1249
1275 161 229 1330
1276 161 232 1330
1277 163 266 1240
1278 163 275 1279
1279 161 279 1260
1280 161 312 1336
1281 161 313 1280
1282 162 316 1281
1283 161 378 1322
1284 162 166 1285
1285 162 171 1314
1286 162 185 1296
1287 162 201 1207
1288 163 203 1287
1289 164 279 1260
1290 166 284 1261
1291 165 288 1261
1292 162 296 1308
1293 163 387 1310
1294 166 181 1286
1295 166 182 1286
1296 163 189 1229
1297 166 191 1229
1298 165 200 1287
1299 164 208 1288
1300 163 234 1331
1301 163 290 1317
1302 164 110 1267
1303 167 111 1267
1304 164 128 1268
1305 169 187 1296
1306 165 206 1288
1307 164 237 1331
1308 164 296 1317
1309 164 331 1358
1310 164 382 1322
1311 168 128 1268
1312 167 133 1269
1313 167 138 1269
1314 165 177 1294
1315 166 276 1289
1316 166 278 1289
1317 165 289 1291
1318 165 319 1337
1319 165 355 1447
1320 165 360 1360
1321 165 374 1395
1322 165 381 1341
1323 166 386 1341
1324 167 119 1235
1325 167 121 1235
1326 166 176 1314
1327 170 181 1294
1328 167 201 1298
1329 167 203 1298
1330 166 231 1372
1331 166 236 1404
1332 166 240 1353
1333 166 243 1353
1334 176 289 1291
1335 171 298 1317
1336 166 309 1356
1337 167 318 1336
1338 166 334 1358
1339 166 339 1441
1340 166 348 1566
1341 166 381 1361
1342 170 172 1326
1343 168 178 1326
1344 167 246 1480
1345 168 282 1290
1346 168 284 1290
1347 167 324 1337
1348 169 136 1313
1349 170 140 1313
1350 172 195 1328
1351 171 203 1328
1352 168 224 1372
1353 168 241 1404
1354 168 251 1430
1355 168 302 1385
1356 168 307 1386
1357 169 312 1356
1358 168 328 1446
1359 168 339 1423
1360 168 359 1432
1361 168 380 1387
1362 168 382 1361
1363 169 150 1388
1364 170 284 1346
1365 171 286 1346
1366 172 318 1357
1367 169 370 1433
1368 169 378 1387
1369 170 154 1389
1370 171 165 1342
1371 170 216 1351
1372 170 232 1380
1373 171 312 1357
1374 171 149 1388
1375 173 159 1370
1376 172 173 1342
1377 179 183 1327
1378 172 183 1327
1379 171 230 1380
1380 171 232 1436
1381 171 260 1431
1382 171 266 1431
1383 172 282 1364
1384 172 284 1364
1385 171 300 1335
1386 171 305 1385
1387 171 376 1395
1388 172 151 1389
1389 172 155 1375
1390 173 165 1370
1391 172 204 1351
1392 173 207 1391
1393 173 299 1335
1394 173 307 1386
1395 172 375 1433
1396 172 390 1514
1397 174 150 1388
1398 179 170 1376
1399 187 184 1376
1400 177 191 1350
1401 174 194 1350
1402 174 203 1391
1403 175 209 1392
1404 173 237 1436
1405 173 247 1480
1406 173 254 1430
1407 173 328 1441
1408 173 338 1423
1409 173 356 1432
1410 173 365 1485
1411 174 143 1444
1412 177 146 1397
1413 176 159 1375
1414 180 204 1392
1415 174 238 1436
1416 174 256 1509
1417 174 268 1463
1418 174 276 1526
1419 175 298 1393
1420 178 301 1393
1421 175 306 1394
1422 178 311 1394
1423 174 336 1527
1424 175 117 1442
1425 175 125 1489
1426 176 151 1397
1427 175 212 1403
1428 175 218 1459
1429 175 222 1478
1430 175 252 1499
1431 175 263 1463
1432 175 353 1447
1433 175 372 1471
1434 176 116 1442
1435 180 211 1403
1436 176 236 1454
1437 176 248 1499
1438 177 304 1421
1439 178 306 1421
1440 176 314 1422
1441 176 325 1446
1442 177 118 1487
1443 178 140 1444
1444 177 144 1412
1445 177 270 1545
1446 177 322 1482
1447 177 351 1484
1448 178 135 1449
1449 179 137 1443
1450 183 147 1412
1451 179 189 1400
1452 180 189 1400
1453 178 229 1460
1454 178 234 1479
1455 178 314 1468
1456 178 351 1484
1457 178 376 1471
1458 180 139 1443
1459 179 216 1435
1460 179 228 1478
1461 180 237 1454
1462 179 259 1537
1463 179 263 1537
1464 179 294 1546
1465 181 305 1439
1466 185 307 1439
1467 183 312 1422
1468 179 312 1422
1469 183 316 1468
1470 179 361 1575
1471 179 371 1485
1472 180 131 1473
1473 180 136 1449
1474 182 167 1398
1475 186 174 1398
1476 184 196 1414
1477 181 218 1459
1478 180 223 1477
1479 180 230 1460
1480 180 241 1461
1481 180 268 1545
1482 180 322 1594
1483 180 324 1482
1484 180 348 1595
1485 180 370 1540
1486 180 389 1514
1487 181 126 1488
1488 181 127 1489
1489 181 128 1472
1490 189 131 1472
1491 187 138 1473
1492 182 187 1452
1493 183 189 1452
1494 187 201 1414
1495 182 210 1435
1496 182 230 1479
1497 185 234 1461
1498 181 242 1480
1499 181 244 1498
1500 181 254 1509
1501 181 279 1526
1502 181 329 1527
1503 181 394 1586
1504 184 123 1487
1505 195 124 1488
1506 183 218 1477
1507 188 227 1477
1508 184 243 1498
1509 182 249 1499
1510 184 164 1474
1511 187 168 1474
1512 183 282 1552
1513 183 285 1609
1514 183 383 1586
1515 185 112 1516
1516 184 119 1517
1517 184 122 1504
1518 185 146 1450
1519 185 148 1450
1520 184 158 1521
1521 186 160 1510
1522 184 194 1476
1523 189 213 1506
1524 194 224 1506
1525 185 237 1508
1526 184 278 1552
1527 184 326 1594
1528 184 369 1540
1529 184 374 1528
1530 189 116 1516
1531 192 117 1517
1532 190 121 1504
1533 186 163 1510
1534 186 195 1476
1535 187 241 1508
1536 187 247 1508
1537 185 260 1571
1538 185 294 1546
1539 185 367 1555
1540 185 368 1555
1541 188 374 1528
1542 186 155 1557
1543 186 156 1549
1544 186 255 1564
1545 186 266 1571
1546 186 297 1619
1547 186 359 1575
1548 186 394 1567
1549 187 158 1550
1550 187 159 1521
1551 190 163 1521
1552 187 278 1583
1553 187 287 1609
1554 187 333 1566
1555 187 366 1602
1556 191 152 1557
1557 188 157 1549
1558 190 160 1550
1559 191 167 1511
1560 192 171 1511
1561 192 179 1399
1562 191 187 1399
1563 188 247 1536
1564 190 251 1536
1565 188 301 1643
1566 188 331 1611
1567 188 394 1604
1568 188 397 1567
1569 191 245 1563
1570 196 251 1563
1571 189 261 1592
1572 189 276 1583
1573 189 293 1618
1574 189 342 1595
1575 189 356 1622
1576 189 379 1624
1577 190 131 1490
1578 192 134 1490
1579 190 149 1556
1580 190 206 1589
1581 190 212 1523
1582 191 217 1523
1583 190 278 1640
1584 190 311 1645
1585 190 351 1621
1586 190 384 1624
1587 199 130 1577
1588 192 133 1577
1589 191 211 1581
1590 197 217 1581
1591 194 233 1569
1592 193 257 1564
1593 191 305 1632
1594 191 319 1610
1595 191 338 1612
1596 195 149 1556
1597 195 155 1556
1598 192 211 1589
1599 198 242 1569
1600 192 290 1617
1601 192 344 1719
1602 192 365 1622
1603 192 369 1602
1604 192 390 1743
1605 192 393 1604
1606 197 205 1598
1607 197 210 1598
1608 196 266 1592
1609 193 286 1630
1610 194 318 1645
1611 195 324 1610
1612 194 334 1633
1613 195 336 1612
1614 194 398 1744
1615 196 142 1596
1616 195 199 1635
1617 195 291 1630
1618 195 293 1617
1619 195 294 1618
1620 196 329 1611
1621 195 352 1720
1622 195 353 1621
1623 195 372 1753
1624 195 381 1831
1625 196 137 1615
1626 198 147 1596
1627 196 191 1669
1628 196 194 1681
1629 204 253 1570
1630 196 287 1641
1631 198 298 1619
1632 197 301 1643
1633 196 331 1620
1634 199 140 1615
1635 198 203 1606
1636 198 252 1570
1637 205 257 1638
1638 197 266 1608
1639 198 274 1608
1640 197 278 1639
1641 197 286 1654
1642 199 289 1641
1643 197 299 1631
1644 197 305 1632
1645 197 309 1644
1646 198 331 1620
1647 198 335 1633
1648 198 187 1679
1649 205 213 1606
1650 198 217 1590
1651 198 219 1590
1652 198 238 1599
1653 202 264 1638
1654 198 283 1640
1655 199 300 1631
1656 200 306 1644
1657 199 170 1712
1658 199 183 1692
1659 199 203 1635
1660 203 218 1650
1661 201 221 1650
1662 200 243 1599
1663 199 274 1639
1664 204 289 1654
1665 203 136 1634
1666 202 138 1634
1667 200 165 1691
1668 200 167 1700
1669 200 195 1681
1670 202 199 1659
1671 200 203 1659
1672 208 208 1671
1673 204 273 1663
1674 204 279 1663
1675 200 393 1733
1676 201 160 1699
1677 201 172 1713
1678 201 179 1701
1679 201 191 1680
1680 202 193 1669
1681 201 197 1670
1682 204 204 1671
1683 201 231 -1
1684 204 240 1662
1685 201 243 1662
1686 201 246 1685
1687 208 307 1656
1688 204 310 1656
1689 201 373 1753
1690 203 162 1691
1691 202 165 1700
1692 202 184 1703
1693 203 188 1679
1694 203 245 1685
1695 202 327 1775
1696 202 357 1752
1697 204 155 1698
1698 203 159 1699
1699 203 160 1690
1700 203 168 1712
1701 203 182 1692
1702 206 186 1703
1703 203 187 1693
1704 209 191 1680
1705 208 198 1670
1706 208 260 1653
1707 206 266 1653
1708 206 149 1697
1709 205 159 1698
1710 211 163 1690
1711 211 166 1700
1712 204 171 1713
1713 204 172 1725
1714 206 178 1701
1715 208 188 1693
1716 205 282 1674
1717 205 292 1664
1718 204 312 1688
1719 204 341 1766
1720 204 343 1719
1721 205 347 1720
1722 204 360 1752
1723 204 389 1733
1724 209 156 1697
1725 205 173 1714
1726 205 227 1748
1727 205 271 1673
1728 205 273 1673
1729 214 286 1674
1730 208 287 1664
1731 206 299 1717
1732 205 316 1764
1733 205 387 1743
1734 205 398 1744
1735 208 137 1708
1736 211 171 1725
1737 206 227 1748
1738 207 238 -1
1739 207 272 1728
1740 213 279 1728
1741 207 294 1717
1742 206 351 1790
1743 206 385 1805
1744 206 396 1806
1745 214 146 1708
1746 209 151 1708
1747 207 178 1714
1748 207 229 1738
1749 210 263 1707
1750 214 263 1707
1751 207 339 1766
1752 207 356 1790
1753 207 365 1791
1754 212 175 1747
1755 212 180 1747
1756 209 235 1738
1757 209 237 1738
1758 209 238 -1
1759 208 270 1739
1760 209 272 1739
1761 211 291 1741
1762 208 295 1741
1763 209 298 1762
1764 208 316 1688
1765 209 319 1764
1766 208 337 1789
1767 210 196 1705
1768 212 200 1705
1769 209 245 -1
1770 210 258 1706
1771 210 260 1706
1772 213 294 1762
1773 211 306 1687
1774 212 308 1687
1775 210 322 1765
1776 211 329 1775
1777 215 155 1724
1778 212 158 1724
1779 210 224 1824
1780 212 268 1760
1781 212 272 1760
1782 221 294 1763
1783 219 301 1763
1784 220 319 1765
1785 210 360 1842
1786 210 365 1791
1787 211 219 1823
1788 212 250 -1
1789 211 333 1776
1790 211 349 1816
1791 211 363 1857
1792 211 377 1820
1793 211 380 1820
1794 211 386 1805
1795 213 141 1745
1796 212 313 1774
1797 221 326 1776
1798 213 335 1789
1799 212 345 1815
1800 212 395 1806
1801 213 138 1795
1802 219 272 1781
1803 217 277 1781
1804 213 308 1774
1805 213 383 1866
1806 213 393 1926
1807 215 139 1795
1808 215 254 1827
1809 220 286 1740
1810 215 281 1740
1811 217 305 1812
1812 214 308 1804
1813 214 311 1804
1814 219 336 1798
1815 214 345 1798
1816 214 347 1815
1817 214 349 1816
1818 215 353 1817
1819 214 367 1857
1820 214 376 1831
1821 216 147 1745
1822 215 215 1850
1823 217 219 1824
1824 215 224 1839
1825 215 227 1851
1826 215 243 -1
1827 215 244 1826
1828 215 248 1827
1829 218 309 1812
1830 217 349 1817
1831 215 375 1891
1832 215 389 1866
1833 216 168 1858
1834 219 175 1835
1835 216 179 1836
1836 216 181 1837
1837 216 186 1854
1838 226 222 1839
1839 216 225 1851
1840 220 245 1826
1841 218 353 1818
1842 216 356 1818
1843 216 370 1889
1844 219 142 1821
1845 220 147 1821
1846 218 177 1835
1847 218 180 1836
1848 222 182 1837
1849 217 208 1859
1850 218 216 1823
1851 217 229 1862
1852 219 360 1842
1853 219 195 1854
1854 218 198 1855
1855 219 199 1859
1856 218 314 1829
1857 218 362 1852
1858 219 174 1834
1859 219 208 1883
1860 220 214 1850
1861 223 233 1862
1862 219 237 1875
1863 218 265 1802
1864 222 310 1829
1865 219 375 1891
1866 219 382 1926
1867 221 151 1845
1868 220 159 1869
1869 225 167 1858
1870 225 178 1834
1871 223 191 1853
1872 221 194 1853
1873 223 198 1855
1874 226 201 1859
1875 220 243 1840
1876 220 256 1886
1877 222 274 1802
1878 221 336 1814
1879 220 339 1814
1880 225 358 1852
1881 220 361 1852
1882 223 150 1845
1883 221 212 1860
1884 222 215 1860
1885 226 237 1875
1886 224 249 1840
1887 223 332 1878
1888 229 362 1881
1889 221 363 1881
1890 223 367 1889
1891 221 373 1900
1892 224 211 1883
1893 227 298 1864
1894 223 337 1878
1895 223 259 1915
1896 224 270 1877
1897 223 275 1877
1898 224 310 1864
1899 223 341 1909
1900 223 370 1890
1901 226 375 1900
1902 225 186 1871
1903 229 189 1871
1904 224 260 1915
1905 225 272 1897
1906 224 275 1897
1907 226 334 1894
1908 224 338 1894
1909 224 339 1908
1910 225 348 1923
1911 224 368 1890
1912 229 207 1892
1913 226 211 1892
1914 228 248 1886
1915 225 257 1954
1916 232 272 1906
1917 225 276 1906
1918 225 279 1917
1919 225 288 1939
1920 226 311 1898
1921 226 312 1898
1922 226 340 1908
1923 227 342 1909
1924 229 368 1911
1925 227 370 1911
1926 225 376 1901
1927 227 166 1869
1928 232 212 1838
1929 228 278 1917
1930 226 320 1942
1931 226 356 1880
1932 227 358 1880
1933 227 378 1901
1934 229 194 1874
1935 231 197 1874
1936 227 223 1838
1937 227 233 1885
1938 228 237 1885
1939 227 285 1946
1940 228 289 1939
1941 227 311 1920
1942 228 315 1920
1943 237 221 1936
1944 231 226 1936
1945 230 263 1954
1946 229 281 1929
1947 228 291 1940
1948 233 307 1941
1949 239 317 1941
1950 230 344 1923
1951 234 230 1938
1952 233 236 1938
1953 231 246 1914
1954 229 251 1914
1955 232 276 1929
1956 230 291 1940
1957 230 317 1942
1958 229 319 1957
1959 230 187 1903
1960 231 188 1903
1961 236 253 1954
1962 235 287 1946
1963 232 244 1953
1964 242 327 1957
1965 230 329 1950
1966 233 345 1950
1967 231 351 1983
1968 233 209 1928
1969 233 244 1953
1970 232 300 1978
1971 234 211 1928
1972 233 241 1969
1973 233 352 1983
1974 236 233 1952
1975 235 235 1952
1976 238 240 1969
1977 237 245 1969
1978 234 304 1979
1979 234 305 1948
1980 241 310 1948
1981 241 333 1966
1982 234 347 1966
1983 234 349 1982
1984 235 211 1971
1985 235 213 1971
1986 236 215 1985
1987 237 299 1978
1988 236 303 1979
1989 238 350 1982
1990 235 363 1996
1991 239 202 1984
1992 240 211 1984
1993 237 215 1985
1994 240 287 1962
1995 239 293 1962
1996 236 361 2008
1997 237 195 2011
1998 237 250 1999
1999 237 252 1961
2000 237 262 2013
2001 237 265 2014
2002 241 302 1988
2003 238 304 1988
2004 239 364 1996
2005 240 255 1999
2006 238 256 1961
2007 238 274 2020
2008 238 353 2017
2009 242 361 2008
2010 240 192 2011
2011 239 197 2012
2012 239 198 1991
2013 239 262 2028
2014 239 264 2013
2015 241 321 1949
2016 240 346 1989
2017 239 351 1989
2018 243 196 2012
2019 241 201 1991
2020 243 273 2014
2021 240 280 2041
2022 248 318 1949
2023 242 352 2017
2024 245 207 1992
2025 243 213 1992
2026 243 224 2051
2027 246 256 2005
2028 242 259 2005
2029 244 261 2028
2030 242 299 2002
2031 242 302 2002
2032 246 343 2023
2033 244 216 2025
2034 243 240 2058
2035 243 280 2042
2036 246 299 2031
2037 246 305 2031
2038 245 353 2023
2039 244 213 2025
2040 244 274 2020
2041 244 275 2040
2042 245 277 2041
2043 246 204 2024
2044 249 210 2039
2045 248 213 2039
2046 246 228 2051
2047 245 247 2052
2048 251 275 2040
2049 246 358 2038
2050 250 205 2024
2051 245 236 2058
2052 247 247 2027
2053 246 279 2042
2054 249 287 2053
2055 247 329 2072
2056 247 341 2032
2057 246 353 2038
2058 246 240 2059
2059 247 245 2052
2060 248 258 2027
2061 248 280 2053
2062 247 293 2054
2063 247 305 2037
2064 255 318 2037
2065 247 339 2056
2066 256 342 2032
2067 252 348 2057
2068 248 355 2057
2069 250 244 2059
2070 250 302 2063
2071 249 305 2063
2072 249 337 2056
2073 253 256 2060
2074 250 262 2060
2075 250 289 2054
2076 259 344 2068
2077 252 357 2068
2078 250 223 2123
2079 250 229 2080
2080 251 241 2069
2081 253 248 2069
2082 250 264 2074
2083 253 303 2071
2084 255 308 2071
2085 253 332 2086
2086 250 336 2072
2087 250 360 2077
2088 251 217 2112
2089 252 263 2074
2090 252 273 2048
2091 255 335 2086
2092 253 242 2080
2093 252 275 2048
2094 252 326 2085
2095 255 260 2089
2096 255 264 2089
2097 255 274 2093
2098 257 279 2093
2099 258 353 2077
2100 256 360 2077
2101 254 233 2102
2102 255 241 2092
2103 257 247 2092
2104 254 295 2108
2105 254 325 2106
2106 254 327 2107
2107 254 331 2085
2108 256 287 2126
2109 256 323 2106
2110 257 331 2107
2111 256 214 2112
2112 256 221 2123
2113 261 239 2102
2114 257 258 2095
2115 258 259 2095
2116 266 265 2096
2117 257 266 2096
2118 258 293 2108
2119 256 306 2084
2120 256 308 2084
2121 257 316 2064
2122 258 319 2064
2123 257 223 2140
2124 257 225 2140
2125 257 281 2098
2126 257 282 2125
2127 257 284 2126
2128 261 306 2120
2129 265 310 2120
2130 260 361 2100
2131 257 364 2100
2132 261 277 2098
2133 261 284 2125
2134 258 298 2118
2135 260 326 2136
2136 258 329 2110
2137 260 332 2110
2138 260 349 2099
2139 259 208 2204
2140 259 224 2150
2141 262 300 2118
2142 261 317 2122
2143 264 320 2122
2144 261 326 2136
2145 261 352 2099
2146 260 205 2191
2147 261 221 2150
2148 260 230 2163
2149 262 346 2138
2150 261 225 2169
2151 264 236 2113
2152 261 332 2137
2153 262 336 2137
2154 262 347 2138
2155 263 356 2130
2156 269 359 2130
2157 264 242 2113
2158 273 272 2132
2159 264 280 2132
2160 266 330 2152
2161 264 334 2152
2162 263 214 2221
2163 264 233 2151
2164 265 244 2157
2165 265 292 2159
2166 268 340 2161
2167 265 202 2180
2168 265 221 2169
2169 265 226 2181
2170 265 233 2163
2171 265 237 2151
2172 267 243 2157
2173 265 245 2164
2174 265 248 2173
2175 265 253 2186
2176 266 280 2159
2177 266 318 2143
2178 267 319 2143
2179 271 335 2161
2180 266 204 2191
2181 269 230 2170
2182 271 237 2170
2183 270 244 2164
2184 266 246 2173
2185 266 250 2184
2186 266 251 2185
2187 266 257 2195
2188 266 263 2116
2189 266 327 2160
2190 268 202 2180
2191 267 208 2192
2192 267 209 2204
2193 271 249 2184
2194 271 252 2185
2195 267 253 2186
2196 268 263 2116
2197 272 265 2116
2198 270 277 2176
2199 270 283 2176
2200 270 315 2178
2201 268 329 2160
2202 268 346 2213
2203 269 207 2192
2204 268 210 2220
2205 274 258 2195
2206 268 293 2216
2207 268 304 2227
2208 271 320 2178
2209 269 327 2201
2210 270 204 2203
2211 269 301 2227
2212 273 329 2201
2213 269 357 2156
2214 271 206 2203
2215 270 230 2181
2216 270 284 2199
2217 274 354 2213
2218 274 360 2156
2219 277 209 2220
2220 271 215 2221
2221 271 217 2230
2222 275 228 2215
2223 272 233 2215
2224 272 282 2199
2225 274 288 2216
2226 275 215 2230
2227 272 299 2253
2228 272 305 2244
2229 272 306 2244
2230 272 218 2252
2231 275 264 2197
2232 276 268 2197
2233 274 278 2224
2234 279 278 2224
2235 273 293 2237
2236 273 340 2240
2237 277 291 2225
2238 275 326 2212
2239 274 329 2212
2240 274 343 2249
2241 277 235 2222
2242 281 284 2225
2243 275 297 2253
2244 275 303 2281
2245 277 327 2239
2246 275 330 2239
2247 276 332 2246
2248 276 341 2240
2249 275 346 2259
2250 276 351 2217
2251 277 353 2217
2252 276 227 2222
2253 276 295 2237
2254 276 308 2274
2255 276 312 2274
2256 282 328 2246
2257 280 332 2246
2258 278 343 2249
2259 276 348 2250
2260 277 220 2261
2261 277 224 2262
2262 277 225 2252
2263 277 318 2275
2264 280 346 2259
2265 278 350 2250
2266 281 218 2261
2267 284 228 2262
2268 278 240 2298
2269 280 293 2237
2270 280 352 2251
2271 279 355 2251
2272 279 242 2295
2273 279 250 2288
2274 279 309 2282
2275 279 313 2282
2276 282 320 2275
2277 280 256 2289
2278 281 274 2234
2279 283 279 2234
2280 282 292 2269
2281 281 294 2269
2282 281 307 2285
2283 285 290 2281
2284 282 296 2281
2285 282 306 2297
2286 285 312 2285
2287 278 200 2302
2288 283 247 2295
2289 283 252 2288
2290 283 263 2313
2291 283 267 2309
2292 290 295 2284
2293 287 218 2267
2294 285 231 2267
2295 284 240 2298
2296 286 256 2289
2297 285 304 2284
2298 285 236 2294
2299 285 268 2309
2300 285 288 2283
2301 290 212 2302
2302 286 217 2293
2303 287 232 2294
2304 287 259 2296
2305 288 288 2283
2306 287 304 2297
2307 291 225 2303
2308 288 256 2296
2309 287 266 2313
2310 289 218 2293
2311 289 229 2312
2312 288 232 2303
2313 288 266 2343
2314 288 273 2374
2315 300 300 2306
2316 288 306 2306
2317 290 309 2316
2318 288 314 2328
2319 288 321 2338
2320 288 325 2338
2321 290 233 2312
2322 289 248 2327
2323 290 308 2316
2324 289 316 2328
2325 290 204 2326
2326 290 206 2301
2327 292 239 2321
2328 290 312 2337
2329 292 204 2326
2330 298 207 2301
2331 294 232 2321
2332 291 263 2343
2333 295 293 2292
2334 295 295 2292
2335 296 306 2323
2336 291 309 2323
2337 291 310 2336
2338 291 319 2351
2339 292 278 2355
2340 300 308 2336
2341 295 313 2337
2342 296 242 2327
2343 293 265 2381
2344 293 281 2355
2345 294 251 2354
2346 294 322 2357
2347 297 230 2331
2348 307 236 2331
2349 295 254 2366
2350 295 285 2369
2351 295 315 2341
2352 296 318 2351
2353 295 325 2364
2354 297 247 2342
2355 296 276 2368
2356 298 314 2341
2357 296 319 2352
2358 296 329 2370
2359 297 217 2373
2360 301 226 2347
2361 301 244 2342
2362 297 286 2369
2363 301 322 2352
2364 297 322 2357
2365 302 230 2347
2366 299 249 2354
2367 300 268 2392
2368 298 274 2374
2369 298 284 2383
2370 298 323 2364
2371 300 202 2330
2372 301 206 2330
2373 299 220 2360
2374 299 270 2381
2375 300 277 2368
2376 299 313 2356
2377 302 316 2356
2378 302 329 2370
2379 302 216 2373
2380 302 254 2366
2381 300 269 2367
2382 309 271 2381
2383 301 281 2375
2384 301 311 2376
2385 302 312 2376
2386 301 213 2379
2387 301 241 2361
2388 303 267 2367
2389 310 275 2375
2390 303 225 2360
2391 304 245 2361
2392 302 257 2380
2393 302 282 2383
2394 305 211 2379
2395 303 222 2390
2396 311 256 2380
2397 309 260 2392
2398 306 280 2393
2399 304 285 2393
2400 305 223 2390
2401 308 228 2390
2402 305 288 2399
2403 304 291 2402
2404 306 221 2400
2405 306 243 2391
2406 307 246 2391
2407 306 285 2399
2408 305 293 2402
2409 308 214 2404
2410 308 223 2400
2411 308 220 2404
2412 312 282 2407
2413 309 286 2407
2414 311 232 2401
2415 311 243 2406
2416 310 247 2406
2417 312 228 2401
2418 313 263 2397
2419 312 264 2397
2420 311 241 2415
2421 311 247 2416
2422 313 249 2416
2423 313 239 2415
2424 314 244 2421
2425 315 246 2421
2426 314 280 2412
2427 315 283 2412
2428 315 248 2422
2429 317 253 2422
2430 322 264 2418
2431 314 264 2418
2432 315 271 2431
2433 316 266 2431
2434 319 259 2429
2435 318 267 2433
2436 319 270 2433
2437 322 255 2429