  sy_1_l2     616160     4019910     2            1.2300000E-01
  sy_4_l2     632700     4025600     2            9.3000000E-02
  sy_8_l2     617289     4033460     2            9.0000000E-02
 sy_10_l2     620363     4038880     2            9.3000000E-02
 sy_16_l2     610634     4040320     2            1.0200000E-01
 sy_17_l2     610362     4040780     2            2.0000000E-01
 sy_21_l2     603276     4039080     2            9.1000000E-02
 sy_22_l2     613690     4026160     2            9.1000000E-02
 sy_23_l2     608200     4029900     2            9.1000000E-02
 sy_24_l2     612200     4029800     2            9.2000000E-02
 sy_25_l2     612654     4035370     2            9.0000000E-02
 sy_26_l2     615089     4035450     2            1.0500000E-01
 sy_27_l2     615425     4031770     2            9.0000000E-02
 sy_28_l2     615551     4033120     2            9.1000000E-02
 sy_36_l2     610800     4027600     2            9.1000000E-02
 sy_40_l2     624378     4022350     2            2.0000000E-01
 sy_42_l2     622700     4026200     2            9.2000000E-02
 sy_44_l2     620835     4020480     2            2.0000000E-01
 sy_47_l2     621200     4017800     2            2.0000000E-01
 sy_52_l2     620444     4027120     2            9.2000000E-02
 sy_59_l2     629557     4030060     2            9.4000000E-02
 sy_61_l2     625442     4033120     2            1.2400000E-01
 sy_64_l2     618065     4033380     2            9.0000000E-02
 sy_66_l2     608882     4032350     2            9.5000000E-02
 sy_67_l2     604618     4033580     2            9.0000000E-02
 sy_69_l2     611338     4036480     2            9.2000000E-02
 sy_70_l2     608563     4037480     2            9.2000000E-02
 sy_72_l2     610023     4039130     2            2.0000000E-01
 sy_73_l2     611530     4038510     2            9.0000000E-02
 sy_74_l2     614858     4036290     2            9.8000000E-02
 sy_75_l2     614302     4035840     2            1.2700000E-01
 sy_77_l2     614457     4036950     2            2.0000000E-01
 sy_78_l2     615265     4036460     2            1.0600000E-01
 sy_79_l2     623633     4035880     2            9.0000000E-02
 sy_82_l2     624335     4036360     2            9.0000000E-02
 sy_83_l2     625858     4035860     2            9.1000000E-02
 sy_84_l2     625217     4036650     2            9.0000000E-02
 sy_85_l2     614793     4040070     2            9.0000000E-02
 sy_86_l2     614352     4039890     2            9.0000000E-02
 sy_87_l2     614226     4040350     2            9.0000000E-02
sy_109_l2     633723     4025570     2            9.2000000E-02
sy_113_l2     621819     4031780     2            9.6000000E-02
sy_119_l2     625083     4033690     2            9.0000000E-02
sy_120_l2     625638     4033610     2            9.0000000E-02
sy_121_l2     625342     4033320     2            1.1700000E-01
sy_123_l2     624377     4028340     2            1.0300000E-01
sy_125_l2     626458     4033090     2            9.0000000E-02
sy_127_l2     624815     4033640     2            9.0000000E-02
sy_131_l2     625956     4034930     2            9.0000000E-02
sy_132_l2     626141     4033860     2            9.1000000E-02
sy_133_l2     625456     4034790     2            9.1000000E-02
sy_134_l2     626214     4034430     2            9.0000000E-02
sy_135_l2     624869     4034540     2            9.0000000E-02
sy_136_l2     625309     4034350     2            9.1000000E-02
sy_137_l2     625724     4034000     2            9.0000000E-02
sy_138_l2     624235     4034580     2            9.0000000E-02
sy_139_l2     624419     4035520     2            9.0000000E-02
sy_140_l2     622196     4031580     2            9.2000000E-02
sy_141_l2     621836     4030140     2            9.0000000E-02
sy_146_l2     624547     4031270     2            9.0000000E-02
sy_149_l2     623253     4031210     2            9.2000000E-02
sy_150_l2     623569     4031650     2            9.1000000E-02
sy_158_l2     620802     4031730     2            9.0000000E-02
sy_179_l2     624462     4034170     2            9.0000000E-02
sy_183_l2     622656     4031610     2            9.1000000E-02
sy_194_l2     625081     4030970     2            9.1000000E-02
sy_198_l2     619767     4032590     2            9.2000000E-02
sy_231_l2     618736     4033170     2            9.2000000E-02
sy_234_l2     613061     4034490     2            9.0000000E-02
sy_235_l2     611300     4034530     2            9.0000000E-02
sy_236_l2     608983     4033160     2            9.0000000E-02
sy_237_l2     610064     4037800     2            9.0000000E-02
sy_238_l2     615811     4023510     2            9.1000000E-02
sy_239_l2     607049     4033240     2            9.0000000E-02
sy_241_l2     610546     4032620     2            9.0000000E-02
sy_247_l2     607337     4036350     2            9.1000000E-02
sy_248_l2     608929     4040250     2            9.1000000E-02
sy_250_l2     612062     4038210     2            9.3000000E-02
sy_251_l2     613127     4038110     2            9.2000000E-02
sy_252_l2     613340     4037980     2            2.0000000E-01
sy_253_l2     613434     4037730     2            2.0000000E-01
sy_254_l2     613653     4037350     2            1.1100000E-01
sy_255_l2     613850     4036980     2            1.5500000E-01
sy_257_l2     613118     4038380     2            9.0000000E-02
sy_258_l2     612427     4038480     2            1.7700000E-01
sy_259_l2     613004     4038550     2            9.2000000E-02
sy_260_l2     613482     4038220     2            1.1700000E-01
sy_261_l2     613479     4038830     2            9.1000000E-02
sy_268_l2     615960     4035060     2            1.0300000E-01
sy_270_l2     615482     4034880     2            9.1000000E-02
sy_271_l2     616016     4034820     2            9.0000000E-02
sy_272_l2     613650     4038280     2            2.0000000E-01
sy_273_l2     613905     4038000     2            9.0000000E-02
sy_275_l2     615454     4035160     2            9.0000000E-02
sy_276_l2     614508     4035530     2            1.5300000E-01
sy_277_l2     615413     4035870     2            2.0000000E-01
sy_278_l2     614978     4035010     2            9.1000000E-02
sy_280_l2     615756     4035220     2            1.0400000E-01
sy_281_l2     615763     4035450     2            9.4000000E-02
sy_284_l2     615699     4035030     2            1.0400000E-01
sy_285_l2     615346     4035340     2            9.0000000E-02
sy_286_l2     615465     4035530     2            9.1000000E-02
sy_287_l2     615844     4035940     2            9.8000000E-02
sy_288_l2     615470     4035310     2            9.6000000E-02
sy_289_l2     615655     4035410     2            9.1000000E-02
sy_290_l2     616088     4036080     2            1.1100000E-01
sy_291_l2     615944     4035670     2            9.3000000E-02
sy_292_l2     615785     4036560     2            9.6000000E-02
sy_294_l2     614400     4037910     2            9.0000000E-02
sy_295_l2     613746     4037670     2            2.0000000E-01
sy_296_l2     614177     4038110     2            9.0000000E-02
sy_297_l2     612430     4037560     2            9.2000000E-02
sy_299_l2     612771     4033140     2            9.0000000E-02
sy_300_l2     616090     4036490     2            2.0000000E-01
sy_301_l2     613973     4033070     2            9.0000000E-02
sy_302_l2     614504     4037360     2            1.0000000E-01
sy_303_l2     614937     4037250     2            9.0000000E-02
sy_306_l2     614011     4038230     2            1.0100000E-01
sy_307_l2     613789     4038490     2            1.7600000E-01
sy_317_l2     615957     4034340     2            9.1000000E-02
sy_324_l2     614222     4034460     2            9.0000000E-02
sy_328_l2     625150     4036440     2            9.0000000E-02
sy_329_l2     624751     4036750     2            9.0000000E-02
sy_330_l2     625545     4036210     2            9.0000000E-02
sy_331_l2     625059     4036210     2            9.0000000E-02
sy_332_l2     624451     4036640     2            9.0000000E-02
sy_333_l2     624944     4036330     2            9.0000000E-02
sy_335_l2     624388     4034940     2            9.0000000E-02
sy_336_l2     625724     4034290     2            9.0000000E-02
sy_337_l2     625442     4035520     2            9.0000000E-02
sy_338_l2     624552     4036840     2            9.0000000E-02
sy_339_l2     624794     4036510     2            9.0000000E-02
sy_340_l2     623631     4036800     2            9.0000000E-02
sy_341_l2     613957     4040710     2            9.1000000E-02
sy_342_l2     612755     4040460     2            9.0000000E-02
sy_343_l2     612953     4041540     2            1.1800000E-01
sy_344_l2     612353     4041140     2            9.0000000E-02
sy_345_l2     612543     4041770     2            9.0000000E-02
sy_346_l2     614845     4040620     2            1.0500000E-01
sy_347_l2     615128     4039530     2            9.4000000E-02
sy_348_l2     614538     4039640     2            9.0000000E-02
sy_349_l2     614350     4039880     2            9.0000000E-02
sy_350_l2     613495     4040170     2            9.0000000E-02
sy_351_l2     613574     4041230     2            1.0500000E-01
sy_353_l2     613580     4039820     2            9.2000000E-02
sy_354_l2     612489     4042150     2            9.0000000E-02
sy_358_l2     613811     4039240     2            9.2000000E-02
sy_361_l2     612371     4040700     2            9.0000000E-02
sy_366_l2     612939     4039060     2            1.1000000E-01
sy_371_l2     612890     4039370     2            9.5000000E-02
sy_372_l2     612179     4039010     2            1.1200000E-01
sy_373_l2     612516     4039290     2            2.0000000E-01
sy_374_l2     612375     4039860     2            1.5900000E-01
sy_376_l2     612014     4039260     2            9.3000000E-02
sy_377_l2     611615     4039770     2            1.3800000E-01
sy_378_l2     612135     4039660     2            1.0700000E-01
sy_379_l2     609878     4040300     2            9.0000000E-02
sy_380_l2     609326     4041160     2            9.4000000E-02
sy_381_l2     609573     4041680     2            2.0000000E-01
sy_385_l2     610910     4039790     2            9.0000000E-02
sy_386_l2     610797     4038760     2            9.0000000E-02
sy_387_l2     611317     4039460     2            9.0000000E-02
sy_388_l2     611715     4041570     2            9.1000000E-02
sy_389_l2     611707     4041580     2            9.0000000E-02
sy_390_l2     611459     4041880     2            9.0000000E-02
sy_392_l2     608453     4039740     2            9.5000000E-02
sy_393_l2     608487     4040890     2            9.1000000E-02
sy_394_l2     609914     4040980     2            1.1600000E-01
sy_397_l2     609791     4041450     2            9.4000000E-02
sy_400_l2     608749     4042240     2            9.0000000E-02
sy_405_l2     608329     4041410     2            9.0000000E-02
sy_408_l2     611966     4041070     2            9.0000000E-02
sy_409_l2     611553     4040400     2            9.2000000E-02
sy_410_l2     611332     4040710     2            9.1000000E-02
sy_419_l2     612253     4040240     2            9.0000000E-02
sy_421_l2     611984     4039950     2            9.3000000E-02
sy_422_l2     611947     4040300     2            9.0000000E-02
sy_423_l2     612273     4040030     2            9.0000000E-02
sy_424_l2     611006     4042490     2            9.3000000E-02
sy_426_l2     610997     4041170     2            9.0000000E-02
sy_429_l2     611053     4041280     2            9.0000000E-02
sy_430_l2     611251     4041310     2            9.0000000E-02
sy_431_l2     612748     4041230     2            9.0000000E-02
sy_432_l2     612120     4040570     2            9.0000000E-02
sy_433_l2     612095     4041440     2            9.0000000E-02
sy_434_l2     613185     4040950     2            9.1000000E-02
sy_435_l2     611589     4040080     2            2.0000000E-01
sy_436_l2     611368     4041260     2            9.0000000E-02
sy_437_l2     609017     4042100     2            1.0600000E-01
sy_438_l2     611847     4039450     2            9.3000000E-02
sy_439_l2     611536     4039070     2            9.0000000E-02
sy_440_l2     610973     4041860     2            9.1000000E-02
sy_442_l2     610240     4041350     2            1.3700000E-01
sy_445_l2     611623     4041020     2            9.1000000E-02
sy_446_l2     611004     4040960     2            9.9000000E-02
sy_447_l2     611354     4041060     2            9.0000000E-02
sy_470_l2     607703     4041190     2            9.0000000E-02
sy_518_l2     596068     4044340     2            9.0000000E-02
sy_584_l2     601340     4043430     2            9.7000000E-02
 sy_13_l2     597765     4047430     3            9.0000000E-02
 sy_14_l2     598161     4047340     3            9.0000000E-02
 sy_15_l2     598571     4047430     3            9.0000000E-02
 sy_90_l2     597840     4044480     3            9.3000000E-02
 sy_91_l2     597349     4044080     3            9.4000000E-02
 sy_92_l2     597508     4045320     3            9.2000000E-02
 sy_93_l2     598397     4044840     3            9.7000000E-02
 sy_94_l2     598313     4044550     3            9.2000000E-02
 sy_95_l2     598249     4044440     3            9.3000000E-02
 sy_96_l2     602220     4043730     3            9.8000000E-02
 sy_98_l2     601674     4043730     3            1.1400000E-01
 sy_99_l2     601804     4044250     3            9.2000000E-02
sy_100_l2     601548     4044700     3            9.1000000E-02
sy_101_l2     602426     4043510     3            1.5200000E-01
sy_102_l2     607825     4044770     3            2.0000000E-01
sy_103_l2     607173     4044040     3            2.0000000E-01
sy_104_l2     606711     4045540     3            9.0000000E-02
sy_106_l2     610438     4045060     3            9.0000000E-02
sy_107_l2     610341     4044340     3            1.1100000E-01
sy_108_l2     609906     4044630     3            9.0000000E-02
sy_383_l2     610587     4041210     3            1.1400000E-01
sy_396_l2     608852     4041960     3            1.2600000E-01
sy_398_l2     608721     4041800     3            9.2000000E-02
sy_399_l2     608366     4041950     3            1.2400000E-01
sy_401_l2     608754     4042060     3            9.0000000E-02
sy_402_l2     609077     4041920     3            1.0000000E-01
sy_403_l2     608571     4041900     3            1.3300000E-01
sy_404_l2     608655     4041960     3            9.4000000E-02
sy_406_l2     608420     4042130     3            1.1700000E-01
sy_407_l2     608562     4042110     3            1.0700000E-01
sy_411_l2     610909     4040760     3            2.0000000E-01
sy_412_l2     608377     4042220     3            9.0000000E-02
sy_413_l2     609206     4043430     3            2.0000000E-01
sy_415_l2     610065     4042360     3            9.0000000E-02
sy_416_l2     610456     4042860     3            9.0000000E-02
sy_417_l2     610974     4043120     3            9.6000000E-02
sy_427_l2     610491     4041790     3            9.6000000E-02
sy_443_l2     610659     4042370     3            9.1000000E-02
sy_449_l2     609515     4043020     3            9.0000000E-02
sy_450_l2     606379     4042440     3            1.1800000E-01
sy_453_l2     606345     4043620     3            2.0000000E-01
sy_454_l2     607457     4043740     3            2.0000000E-01
sy_455_l2     606977     4042820     3            9.0000000E-02
sy_456_l2     608062     4042430     3            9.1000000E-02
sy_457_l2     607594     4043180     3            1.0100000E-01
sy_458_l2     607771     4042460     3            9.0000000E-02
sy_459_l2     608452     4042440     3            9.0000000E-02
sy_460_l2     608008     4042060     3            9.1000000E-02
sy_462_l2     607482     4042200     3            9.1000000E-02
sy_463_l2     608039     4042270     3            9.0000000E-02
sy_464_l2     607063     4042100     3            9.3000000E-02
sy_466_l2     607272     4042480     3            9.2000000E-02
sy_484_l2     608195     4042120     3            2.0000000E-01
sy_485_l2     608251     4042230     3            1.1200000E-01
sy_486_l2     608293     4042840     3            2.0000000E-01
sy_493_l2     604763     4042640     3            9.1000000E-02
sy_494_l2     607363     4042870     3            9.0000000E-02
sy_495_l2     607798     4042810     3            9.0000000E-02
sy_496_l2     607649     4042610     3            9.0000000E-02
sy_511_l2     596878     4044430     3            9.7000000E-02
sy_512_l2     598194     4044240     3            9.1000000E-02
sy_513_l2     600160     4044380     3            9.3000000E-02
sy_515_l2     598849     4044440     3            9.4000000E-02
sy_516_l2     599470     4045190     3            9.3000000E-02
sy_517_l2     600007     4045310     3            9.4000000E-02
sy_519_l2     596564     4044330     3            9.4000000E-02
sy_520_l2     596121     4044920     3            1.0700000E-01
sy_521_l2     596633     4044140     3            9.2000000E-02
sy_522_l2     596565     4044330     3            9.3000000E-02
sy_523_l2     598355     4044440     3            9.3000000E-02
sy_524_l2     596733     4043660     3            9.1000000E-02
sy_526_l2     598551     4044350     3            9.2000000E-02
sy_527_l2     598953     4044950     3            9.4000000E-02
sy_528_l2     599221     4045320     3            9.6000000E-02
sy_529_l2     599450     4044520     3            1.1700000E-01
sy_530_l2     599154     4044170     3            9.3000000E-02
sy_531_l2     598077     4044100     3            9.2000000E-02
sy_538_l2     599597     4043870     3            9.4000000E-02
sy_540_l2     599003     4045650     3            1.6400000E-01
sy_541_l2     599242     4046550     3            9.5000000E-02
sy_542_l2     603061     4047330     3            9.3000000E-02
sy_543_l2     600984     4045720     3            9.3000000E-02
sy_544_l2     600749     4045510     3            9.3000000E-02
sy_549_l2     600198     4044870     3            1.0700000E-01
sy_554_l2     598150     4044540     3            9.3000000E-02
sy_555_l2     598344     4044360     3            9.4000000E-02
sy_556_l2     598349     4044050     3            9.1000000E-02
sy_557_l2     598159     4044340     3            9.3000000E-02
sy_558_l2     596813     4044840     3            1.7100000E-01
sy_559_l2     597046     4046430     3            9.3000000E-02
sy_560_l2     597337     4045900     3            9.0000000E-02
sy_561_l2     598506     4046590     3            9.0000000E-02
sy_562_l2     598748     4046450     3            1.0500000E-01
sy_563_l2     599025     4046770     3            9.0000000E-02
sy_564_l2     598451     4046910     3            9.1000000E-02
sy_565_l2     597936     4045910     3            1.3100000E-01
sy_566_l2     597538     4046820     3            9.2000000E-02
sy_567_l2     598012     4047080     3            9.0000000E-02
sy_568_l2     598256     4044250     3            9.3000000E-02
sy_569_l2     598164     4046760     3            1.1800000E-01
sy_570_l2     598394     4046260     3            1.3700000E-01
sy_571_l2     598673     4046930     3            9.0000000E-02
sy_572_l2     598355     4044250     3            9.4000000E-02
sy_573_l2     597603     4044930     3            9.4000000E-02
sy_574_l2     598144     4046420     3            9.8000000E-02
sy_576_l2     601365     4044130     3            9.1000000E-02
sy_577_l2     601309     4043960     3            1.4300000E-01
sy_578_l2     601033     4043990     3            1.0100000E-01
sy_579_l2     601072     4044160     3            9.7000000E-02
sy_580_l2     601153     4044330     3            1.0200000E-01
sy_581_l2     601378     4044330     3            9.6000000E-02
sy_582_l2     600421     4044170     3            9.1000000E-02
sy_583_l2     600749     4045490     3            9.3000000E-02
sy_587_l2     600637     4044350     3            9.3000000E-02
sy_588_l2     600791     4043940     3            9.5000000E-02
sy_589_l2     600931     4044660     3            9.0000000E-02
sy_590_l2     600886     4044360     3            9.5000000E-02
sy_591_l2     602778     4042970     3            9.3000000E-02
sy_592_l2     603038     4043140     3            9.1000000E-02
sy_593_l2     603041     4043140     3            9.0000000E-02
sy_594_l2     603358     4043140     3            9.0000000E-02
sy_595_l2     603349     4042940     3            9.0000000E-02
sy_596_l2     603591     4043870     3            9.2000000E-02
sy_597_l2     603198     4043470     3            9.0000000E-02
sy_598_l2     602842     4043500     3            1.1100000E-01
sy_599_l2     603038     4043510     3            9.3000000E-02
sy_600_l2     602858     4043860     3            9.1000000E-02
sy_601_l2     603555     4044270     3            9.1000000E-02
sy_602_l2     602533     4044090     3            9.0000000E-02
sy_603_l2     601625     4047110     3            1.0200000E-01
sy_604_l2     602633     4046100     3            1.0800000E-01
sy_605_l2     603472     4042890     3            9.0000000E-02
sy_606_l2     604046     4042680     3            9.2000000E-02
sy_607_l2     603486     4042800     3            9.3000000E-02
sy_608_l2     603953     4042850     3            1.1200000E-01
sy_609_l2     602971     4044050     3            9.0000000E-02
sy_610_l2     602408     4043190     3            1.2200000E-01
sy_611_l2     603648     4043380     3            9.2000000E-02
sy_612_l2     603213     4043310     3            9.0000000E-02
sy_613_l2     603771     4043490     3            9.7000000E-02
sy_628_l2     604373     4043460     3            9.0000000E-02
sy_629_l2     604429     4045670     3            9.1000000E-02
sy_631_l2     604232     4043920     3            9.1000000E-02
sy_632_l2     603041     4043510     3            9.1000000E-02
sy_644_l2     603532     4043220     3            9.7000000E-02
sy_645_l2     603548     4042950     3            9.1000000E-02
sy_646_l2     603700     4043050     3            1.4500000E-01
sy_647_l2     603581     4043030     3            9.3000000E-02
sy_648_l2     603914     4042990     3            1.8600000E-01
sy_650_l2     603903     4043300     3            1.0400000E-01
sy_651_l2     604823     4043230     3            9.3000000E-02
sy_652_l2     604640     4043160     3            9.2000000E-02
sy_653_l2     604510     4043670     3            9.1000000E-02
sy_655_l2     605281     4044140     3            9.7000000E-02
sy_656_l2     604954     4043370     3            9.4000000E-02
sy_657_l2     605241     4042880     3            9.1000000E-02
sy_658_l2     605019     4042940     3            9.1000000E-02
sy_660_l2     607464     4044270     3            1.1300000E-01
sy_661_l2     604836     4042930     3            9.6000000E-02
sy_663_l2     604504     4042890     3            1.3100000E-01
sy_665_l2     604374     4043180     3            9.9000000E-02
sy_666_l2     604154     4043240     3            1.3500000E-01
sy_667_l2     604306     4043180     3            1.0700000E-01
sy_668_l2     604502     4042960     3            1.3300000E-01
sy_669_l2     610632     4042050     3            9.2000000E-02
sy_670_l2     608529     4045890     3            9.0000000E-02
sy_671_l2     606822     4043330     3            9.0000000E-02
sy_672_l2     608570     4044070     3            2.0000000E-01
sy_674_l2     610440     4043260     3            9.9000000E-02
sy_676_l2     610645     4043610     3            9.1000000E-02
sy_677_l2     611220     4043780     3            9.0000000E-02
sy_678_l2     611262     4045060     3            9.0000000E-02
sy_679_l2     610587     4044450     3            1.8500000E-01
sy_682_l2     609780     4045620     3            1.0600000E-01
sy_684_l2     609157     4044730     3            9.0000000E-02
sy_686_l2     609402     4045150     3            1.7600000E-01
sy_690_l2     609468     4044120     3            2.0000000E-01
sy_694_l2     598952     4047260     3            9.0000000E-02
sy_695_l2     598622     4047210     3            9.0000000E-02
sy_696_l2     597843     4047650     3            9.1000000E-02
sy_697_l2     599234     4047150     3            9.0000000E-02
sy_698_l2     599806     4046970     3            9.2000000E-02
  sy_7_l2     618309     4034580     4            9.0000000E-02
 sy_18_l2     601375     4041000     4            1.1300000E-01
 sy_31_l2     622631     4032370     4            9.1000000E-02
 sy_32_l2     621869     4033060     4            1.2100000E-01
 sy_33_l2     622548     4032850     4            9.1000000E-02
 sy_54_l2     619803     4028910     4            9.4000000E-02
 sy_55_l2     620982     4032510     4            9.5000000E-02
 sy_65_l2     609000     4035560     4            9.0000000E-02
 sy_88_l2     607526     4040450     4            9.0000000E-02
 sy_97_l2     601740     4043420     4            1.0100000E-01
sy_105_l2     607336     4044780     4            9.0000000E-02
sy_110_l2     621327     4032140     4            9.0000000E-02
sy_142_l2     622037     4032150     4            9.0000000E-02
sy_143_l2     621675     4032660     4            9.0000000E-02
sy_153_l2     622364     4032050     4            9.0000000E-02
sy_154_l2     622820     4032240     4            9.1000000E-02
sy_155_l2     623174     4031890     4            9.0000000E-02
sy_156_l2     622186     4032610     4            9.2000000E-02
sy_157_l2     621212     4033350     4            9.5000000E-02
sy_159_l2     621715     4033250     4            9.0000000E-02
sy_160_l2     621990     4033240     4            9.0000000E-02
sy_161_l2     622100     4033140     4            9.1000000E-02
sy_162_l2     622191     4032940     4            9.2000000E-02
sy_172_l2     620736     4033570     4            9.2000000E-02
sy_187_l2     623445     4032140     4            1.0100000E-01
sy_195_l2     621540     4033180     4            9.5000000E-02
sy_196_l2     621374     4032940     4            9.4000000E-02
sy_197_l2     620700     4033130     4            1.1100000E-01
sy_199_l2     619858     4033200     4            9.1000000E-02
sy_201_l2     621575     4033390     4            9.3000000E-02
sy_202_l2     622032     4031940     4            9.3000000E-02
sy_228_l2     620059     4033430     4            9.1000000E-02
sy_230_l2     619674     4033530     4            9.2000000E-02
sy_246_l2     607338     4038330     4            9.0000000E-02
sy_256_l2     613376     4036930     4            9.0000000E-02
sy_274_l2     613858     4036630     4            9.0000000E-02
sy_308_l2     613376     4036540     4            9.1000000E-02
sy_309_l2     616062     4037620     4            9.0000000E-02
sy_316_l2     616359     4034840     4            9.0000000E-02
sy_362_l2     615301     4038980     4            1.9400000E-01
sy_382_l2     610112     4041800     4            9.3000000E-02
sy_441_l2     611043     4044130     4            9.4000000E-02
sy_448_l2     609269     4041880     4            1.4300000E-01
sy_451_l2     605761     4041970     4            9.5000000E-02
sy_474_l2     606133     4040500     4            9.0000000E-02
sy_477_l2     603921     4040680     4            9.0000000E-02
sy_487_l2     608435     4043260     4            2.0000000E-01
sy_489_l2     605735     4041390     4            9.1000000E-02
sy_497_l2     603216     4040330     4            1.1400000E-01
sy_498_l2     602205     4040520     4            1.0700000E-01
sy_499_l2     600725     4042460     4            9.0000000E-02
sy_500_l2     601465     4042540     4            9.0000000E-02
sy_501_l2     601991     4042760     4            1.2100000E-01
sy_507_l2     603160     4042780     4            9.0000000E-02
sy_508_l2     602996     4042490     4            9.0000000E-02
sy_510_l2     597329     4043020     4            9.7000000E-02
sy_514_l2     600026     4043960     4            9.0000000E-02
sy_525_l2     598267     4043230     4            9.1000000E-02
sy_533_l2     599529     4043170     4            9.0000000E-02
sy_536_l2     599640     4043260     4            9.0000000E-02
sy_537_l2     599820     4043780     4            9.0000000E-02
sy_539_l2     599743     4043630     4            9.0000000E-02
sy_545_l2     600116     4043050     4            9.0000000E-02
sy_546_l2     599872     4043000     4            9.0000000E-02
sy_547_l2     599847     4043110     4            9.0000000E-02
sy_548_l2     599906     4043240     4            9.5000000E-02
sy_550_l2     600243     4043170     4            9.3000000E-02
sy_551_l2     600033     4043450     4            9.3000000E-02
sy_552_l2     599902     4043340     4            9.9000000E-02
sy_553_l2     600033     4043290     4            9.7000000E-02
sy_575_l2     600229     4043620     4            9.1000000E-02
sy_586_l2     600744     4043660     4            2.0000000E-01
sy_614_l2     600991     4042950     4            1.1800000E-01
sy_615_l2     600243     4042940     4            9.3000000E-02
sy_616_l2     600315     4042620     4            1.2700000E-01
sy_617_l2     600346     4043310     4            9.2000000E-02
sy_618_l2     600378     4043530     4            9.1000000E-02
sy_619_l2     600774     4043030     4            9.4000000E-02
sy_620_l2     600756     4043150     4            9.0000000E-02
sy_621_l2     600854     4043190     4            9.0000000E-02
sy_622_l2     600964     4043240     4            2.0000000E-01
sy_623_l2     600553     4043030     4            9.1000000E-02
sy_624_l2     600667     4043610     4            9.2000000E-02
sy_625_l2     600693     4043430     4            1.0900000E-01
sy_626_l2     600777     4043260     4            9.2000000E-02
sy_627_l2     600643     4043130     4            9.2000000E-02
sy_630_l2     605750     4046350     4            9.0000000E-02
sy_633_l2     600953     4043070     4            9.0000000E-02
sy_634_l2     599984     4042790     4            9.3000000E-02
sy_635_l2     600344     4043030     4            9.0000000E-02
sy_636_l2     600437     4043030     4            9.0000000E-02
sy_637_l2     600665     4042950     4            9.7000000E-02
sy_638_l2     601284     4041970     4            9.0000000E-02
sy_639_l2     600494     4043190     4            9.2000000E-02
sy_640_l2     600736     4042850     4            9.1000000E-02
sy_641_l2     600301     4042850     4            9.9000000E-02
sy_642_l2     600859     4042760     4            9.1000000E-02
sy_649_l2     600466     4042910     4            9.3000000E-02
sy_654_l2     607006     4044270     4            2.0000000E-01
sy_659_l2     608235     4044250     4            9.0000000E-02
sy_662_l2     605014     4041850     4            9.0000000E-02
sy_673_l2     610715     4043950     4            9.0000000E-02
sy_675_l2     610175     4044070     4            2.0000000E-01
sy_680_l2     610665     4044150     4            1.0000000E-01
sy_681_l2     610234     4043780     4            9.0000000E-02
sy_683_l2     610460     4044140     4            1.2700000E-01
sy_685_l2     608893     4045040     4            1.1600000E-01
sy_687_l2     609904     4043900     4            9.1000000E-02
sy_688_l2     609964     4043490     4            9.0000000E-02
sy_689_l2     610327     4044040     4            9.7000000E-02
sy_691_l2     611037     4044460     4            9.0000000E-02
sy_692_l2     610858     4044330     4            9.0000000E-02
sy_693_l2     611341     4044170     4            9.0000000E-02
 sy_11_l2     621643     4037290     5            9.0000000E-02
 sy_39_l2     623900     4017700     5            9.3000000E-02
 sy_45_l2     622525     4018340     5            1.0600000E-01
 sy_48_l2     629450     4021560     5            9.2000000E-02
 sy_68_l2     606649     4035520     5            9.6000000E-02
 sy_71_l2     608094     4038910     5            9.0000000E-02
sy_111_l2     619617     4031060     5            9.1000000E-02
sy_118_l2     626322     4031840     5            9.1000000E-02
sy_145_l2     624307     4031510     5            9.9000000E-02
sy_152_l2     620574     4029190     5            9.1000000E-02
sy_189_l2     623576     4031970     5            9.1000000E-02
sy_232_l2     610546     4034370     5            9.0000000E-02
sy_240_l2     609586     4033580     5            9.1000000E-02
sy_243_l2     607297     4035520     5            9.5000000E-02
sy_244_l2     605863     4037300     5            9.3000000E-02
sy_245_l2     606555     4038670     5            1.1000000E-01
sy_249_l2     608577     4038590     5            9.0000000E-02
sy_262_l2     613259     4039650     5            1.0300000E-01
sy_279_l2     616333     4036270     5            1.1500000E-01
sy_311_l2     616310     4038810     5            1.0300000E-01
sy_321_l2     616749     4038900     5            1.0100000E-01
sy_327_l2     623499     4035070     5            9.0000000E-02
sy_352_l2     613847     4039590     5            1.1400000E-01
sy_357_l2     613361     4039320     5            9.5000000E-02
sy_359_l2     614521     4039390     5            9.2000000E-02
sy_370_l2     616421     4036460     5            9.3000000E-02
sy_375_l2     612609     4039600     5            1.0900000E-01
sy_384_l2     610940     4040050     5            9.1000000E-02
sy_395_l2     608853     4041580     5            9.0000000E-02
sy_414_l2     608985     4042450     5            9.2000000E-02
sy_418_l2     612787     4039970     5            9.1000000E-02
sy_420_l2     612452     4040050     5            9.0000000E-02
sy_425_l2     611150     4041540     5            1.0200000E-01
sy_428_l2     610945     4041490     5            1.4500000E-01
sy_444_l2     610696     4041610     5            9.7000000E-02
sy_452_l2     605660     4042390     5            1.7600000E-01
sy_461_l2     606671     4040780     5            9.0000000E-02
sy_465_l2     606640     4041850     5            2.0000000E-01
sy_467_l2     607540     4041780     5            1.2300000E-01
sy_468_l2     606539     4040640     5            9.0000000E-02
sy_471_l2     607054     4039840     5            9.0000000E-02
sy_472_l2     604953     4038650     5            1.4700000E-01
sy_473_l2     606114     4039410     5            1.0800000E-01
sy_475_l2     606568     4040990     5            9.1000000E-02
sy_483_l2     608177     4041760     5            9.0000000E-02
sy_488_l2     606469     4041330     5            1.8400000E-01
sy_502_l2     603647     4042650     5            9.0000000E-02
sy_504_l2     603343     4042610     5            9.3000000E-02
sy_505_l2     603448     4042410     5            9.8000000E-02
sy_506_l2     603534     4042690     5            9.0000000E-02
sy_664_l2     604836     4042360     5            9.3000000E-02
  sy_5_l2     620891     4034890     6            9.2000000E-02
  sy_6_l2     619339     4034280     6            9.2000000E-02
  sy_9_l2     618861     4036860     6            2.0000000E-01
 sy_12_l2     621714     4035600     6            9.2000000E-02
 sy_30_l2     622846     4032800     6            9.3000000E-02
 sy_34_l2     622737     4032940     6            9.5000000E-02
 sy_35_l2     622859     4032950     6            9.3000000E-02
 sy_76_l2     614282     4036550     6            9.0000000E-02
sy_114_l2     624359     4030790     6            9.0000000E-02
sy_115_l2     622686     4029470     6            9.2000000E-02
sy_117_l2     624567     4032940     6            9.1000000E-02
sy_124_l2     625048     4032000     6            9.6000000E-02
sy_126_l2     624859     4033050     6            9.8000000E-02
sy_128_l2     623444     4033410     6            9.2000000E-02
sy_129_l2     624101     4033280     6            9.2000000E-02
sy_130_l2     624418     4033420     6            9.2000000E-02
sy_147_l2     624161     4031830     6            9.0000000E-02
sy_148_l2     624446     4032230     6            9.4000000E-02
sy_151_l2     623923     4032040     6            9.0000000E-02
sy_163_l2     621984     4033640     6            1.0800000E-01
sy_164_l2     621617     4033650     6            9.5000000E-02
sy_165_l2     621684     4033810     6            9.9000000E-02
sy_166_l2     621516     4034030     6            9.3000000E-02
sy_167_l2     621847     4033540     6            9.7000000E-02
sy_168_l2     621633     4033480     6            9.2000000E-02
sy_169_l2     620553     4034380     6            9.0000000E-02
sy_170_l2     622360     4034530     6            9.7000000E-02
sy_171_l2     620152     4034590     6            9.0000000E-02
sy_173_l2     620168     4035000     6            9.4000000E-02
sy_174_l2     621457     4033760     6            9.0000000E-02
sy_175_l2     623773     4034360     6            9.0000000E-02
sy_176_l2     623749     4034050     6            9.0000000E-02
sy_177_l2     622539     4034170     6            9.2000000E-02
sy_178_l2     623051     4035200     6            9.1000000E-02
sy_180_l2     624941     4031370     6            9.0000000E-02
sy_181_l2     624759     4032760     6            9.6000000E-02
sy_182_l2     625268     4032950     6            9.9000000E-02
sy_184_l2     623295     4032990     6            9.1000000E-02
sy_185_l2     623969     4032890     6            9.1000000E-02
sy_186_l2     623878     4032600     6            9.0000000E-02
sy_188_l2     623569     4032410     6            9.2000000E-02
sy_190_l2     623759     4033730     6            9.1000000E-02
sy_191_l2     623093     4033590     6            9.4000000E-02
sy_192_l2     623162     4033930     6            9.0000000E-02
sy_193_l2     623358     4034120     6            9.0000000E-02
sy_200_l2     621171     4034120     6            9.2000000E-02
sy_203_l2     623070     4033130     6            9.2000000E-02
sy_204_l2     623061     4033130     6            9.2000000E-02
sy_205_l2     622765     4033050     6            9.3000000E-02
sy_206_l2     622719     4033170     6            1.0000000E-01
sy_207_l2     622784     4033270     6            9.5000000E-02
sy_208_l2     622873     4033080     6            9.2000000E-02
sy_209_l2     622534     4033080     6            9.2000000E-02
sy_210_l2     622613     4033140     6            9.8000000E-02
sy_211_l2     622700     4033470     6            9.2000000E-02
sy_212_l2     622512     4033280     6            9.7000000E-02
sy_213_l2     622656     4033660     6            9.1000000E-02
sy_214_l2     622359     4033250     6            9.3000000E-02
sy_215_l2     622344     4033440     6            9.4000000E-02
sy_216_l2     622344     4033320     6            9.8000000E-02
sy_217_l2     622150     4033360     6            9.4000000E-02
sy_218_l2     622222     4033410     6            9.5000000E-02
sy_219_l2     622259     4033540     6            9.4000000E-02
sy_220_l2     622460     4033430     6            9.4000000E-02
sy_221_l2     622137     4033950     6            9.5000000E-02
sy_222_l2     621233     4033740     6            9.1000000E-02
sy_223_l2     620820     4034090     6            9.2000000E-02
sy_224_l2     622004     4033500     6            9.6000000E-02
sy_225_l2     621968     4033370     6            9.2000000E-02
sy_226_l2     621816     4033370     6            9.2000000E-02
sy_227_l2     623075     4032660     6            9.5000000E-02
sy_229_l2     620176     4033910     6            9.2000000E-02
sy_263_l2     614993     4038090     6            9.3000000E-02
sy_264_l2     614897     4037620     6            9.1000000E-02
sy_265_l2     614461     4038380     6            9.0000000E-02
sy_266_l2     614684     4038450     6            9.1000000E-02
sy_267_l2     615764     4038270     6            9.0000000E-02
sy_269_l2     616412     4035260     6            9.1000000E-02
sy_282_l2     615999     4035540     6            9.0000000E-02
sy_283_l2     616187     4035380     6            9.1000000E-02
sy_293_l2     616710     4036980     6            1.0400000E-01
sy_298_l2     616676     4036370     6            9.0000000E-02
sy_304_l2     614385     4038480     6            9.0000000E-02
sy_305_l2     614629     4038670     6            9.0000000E-02
sy_310_l2     614630     4038670     6            9.0000000E-02
sy_312_l2     616505     4035970     6            9.0000000E-02
sy_313_l2     613767     4039040     6            9.0000000E-02
sy_314_l2     614587     4038170     6            9.1000000E-02
sy_318_l2     613400     4038630     6            2.0000000E-01
sy_319_l2     613164     4038870     6            1.6400000E-01
sy_320_l2     616337     4036770     6            9.0000000E-02
sy_323_l2     617388     4035530     6            9.0000000E-02
sy_325_l2     614098     4038520     6            1.0500000E-01
sy_326_l2     614245     4038550     6            1.0200000E-01
sy_334_l2     623167     4034710     6            9.8000000E-02
sy_355_l2     614401     4039210     6            1.0000000E-01
sy_356_l2     614149     4039120     6            1.4500000E-01
sy_360_l2     614263     4038920     6            9.6000000E-02
sy_363_l2     614676     4038890     6            1.0000000E-01
sy_364_l2     614567     4038960     6            9.6000000E-02
sy_365_l2     614757     4039130     6            9.0000000E-02
sy_367_l2     614369     4038740     6            1.0000000E-01
sy_368_l2     614562     4038800     6            9.0000000E-02
sy_369_l2     614436     4038870     6            1.0700000E-01
 sy_19_l2     602478     4041900     7            9.0000000E-02
 sy_20_l2     603089     4041870     7            9.1000000E-02
 sy_89_l2     605856     4040100     7            9.0000000E-02
sy_469_l2     606940     4041510     7            9.1000000E-02
sy_476_l2     605948     4040810     7            9.0000000E-02
sy_478_l2     604351     4040940     7            1.9800000E-01
sy_479_l2     605000     4039700     7            9.0000000E-02
sy_480_l2     604932     4040690     7            9.0000000E-02
sy_481_l2     604747     4041350     7            9.0000000E-02
sy_482_l2     604704     4041650     7            1.1100000E-01
sy_490_l2     603818     4041500     7            9.2000000E-02
sy_491_l2     604378     4041420     7            1.1800000E-01
sy_492_l2     604180     4042370     7            9.0000000E-02
sy_503_l2     604280     4041710     7            1.4000000E-01
sy_509_l2     603857     4042240     7            9.1000000E-02
sy_532_l2     599274     4043240     7            9.0000000E-02
sy_534_l2     598842     4043670     7            9.5000000E-02
sy_535_l2     599559     4043560     7            9.3000000E-02
sy_585_l2     600848     4043610     7            1.0600000E-01
sy_643_l2     601560     4043130     7            9.1000000E-02
  sy_2_l2     629500     4023400     8            9.0000000E-02
  sy_3_l2     628800     4021900     8            9.0000000E-02
 sy_29_l2     617300     4029800     8            9.2000000E-02
 sy_41_l2     619688     4026190     8            9.0000000E-02
 sy_43_l2     629376     4021040     8            9.0000000E-02
 sy_46_l2     629895     4020500     8            9.0000000E-02
 sy_49_l2     629242     4022500     8            9.0000000E-02
 sy_50_l2     627245     4026960     8            9.2000000E-02
 sy_51_l2     620316     4029030     8            9.3000000E-02
 sy_53_l2     620607     4028860     8            9.0000000E-02
sy_112_l2     621078     4030580     8            9.0000000E-02
sy_144_l2     620389     4029540     8            9.4000000E-02
sy_233_l2     611480     4033440     8            9.0000000E-02
sy_242_l2     620036     4023320     8            1.4300000E-01
sy_315_l2     615679     4037090     8            9.1000000E-02
sy_391_l2     611645     4042990     8            9.1000000E-02
 sy_37_l2     632368     4028170     9            9.1000000E-02
 sy_38_l2     635098     4028600     9            9.0000000E-02
 sy_56_l2     633800     4029600     9            9.0000000E-02
 sy_57_l2     635383     4028890     9            9.0000000E-02
 sy_58_l2     628600     4034800     9            9.3000000E-02
 sy_60_l2     632195     4033210     9            2.0000000E-01
 sy_62_l2     626593     4034950     9            9.0000000E-02
 sy_63_l2     627822     4039840     9            9.1000000E-02
 sy_80_l2     620575     4040290     9            9.2000000E-02
 sy_81_l2     624051     4039100     9            9.0000000E-02
sy_116_l2     634763     4027160     9            9.2000000E-02
sy_122_l2     627061     4033930     9            9.2000000E-02
sy_322_l2     624848     4042750     9            9.4000000E-02
