  srfK_3     628800     4021900     1     0.400
  srfK_4     632700     4025600     1     0.400
  srfK_9     618861     4036860     1     0.400
 srfK_10     620363     4038880     1     0.400
 srfK_12     621714     4035600     1     0.400
 srfK_16     610634     4040320     1     0.400
 srfK_17     610362     4040780     1     0.400
 srfK_18     601375     4041000     1     0.400
 srfK_23     608200     4029900     1     0.400
 srfK_24     612200     4029800     1     0.400
 srfK_26     615089     4035450     1     0.400
 srfK_27     615425     4031770     1     0.400
 srfK_29     617300     4029800     1     0.400
 srfK_30     622846     4032800     1     0.400
 srfK_34     622737     4032940     1     0.400
 srfK_35     622859     4032950     1     0.400
 srfK_36     610800     4027600     1     0.400
 srfK_39     623900     4017700     1     0.400
 srfK_41     619688     4026190     1     0.400
 srfK_42     622700     4026200     1     0.400
 srfK_45     622525     4018340     1     0.400
 srfK_47     621200     4017800     1     0.400
 srfK_50     627245     4026960     1     0.400
 srfK_51     620316     4029030     1     0.400
 srfK_54     619803     4028910     1     0.400
 srfK_56     633800     4029600     1     0.400
 srfK_58     628600     4034800     1     0.400
 srfK_61     625442     4033120     1     0.400
 srfK_63     627822     4039840     1     0.400
 srfK_68     606649     4035520     1     0.400
 srfK_71     608094     4038910     1     0.400
 srfK_77     614457     4036950     1     0.400
 srfK_78     615265     4036460     1     0.400
 srfK_82     624335     4036360     1     0.400
 srfK_88     607526     4040450     1     0.400
 srfK_90     597840     4044480     1     0.400
 srfK_91     597349     4044080     1     0.400
 srfK_93     598397     4044840     1     0.400
 srfK_94     598313     4044550     1     0.400
 srfK_95     598249     4044440     1     0.400
 srfK_96     602220     4043730     1     0.400
 srfK_98     601674     4043730     1     0.400
 srfK_99     601804     4044250     1     0.400
srfK_101     602426     4043510     1     0.400
srfK_103     607173     4044040     1     0.400
srfK_105     607336     4044780     1     0.400
srfK_107     610341     4044340     1     0.400
srfK_108     609906     4044630     1     0.400
srfK_110     621327     4032140     1     0.400
srfK_114     624359     4030790     1     0.400
srfK_117     624567     4032940     1     0.400
srfK_119     625083     4033690     1     0.400
srfK_122     627061     4033930     1     0.400
srfK_125     626458     4033090     1     0.400
srfK_126     624859     4033050     1     0.400
srfK_127     624815     4033640     1     0.400
srfK_128     623444     4033410     1     0.400
srfK_129     624101     4033280     1     0.400
srfK_135     624869     4034540     1     0.400
srfK_142     622037     4032150     1     0.400
srfK_145     624307     4031510     1     0.400
srfK_148     624446     4032230     1     0.400
srfK_152     620574     4029190     1     0.400
srfK_153     622364     4032050     1     0.400
srfK_155     623174     4031890     1     0.400
srfK_159     621715     4033250     1     0.400
srfK_160     621990     4033240     1     0.400
srfK_164     621617     4033650     1     0.400
srfK_166     621516     4034030     1     0.400
srfK_167     621847     4033540     1     0.400
srfK_168     621633     4033480     1     0.400
srfK_170     622360     4034530     1     0.400
srfK_174     621457     4033760     1     0.400
srfK_179     624462     4034170     1     0.400
srfK_182     625268     4032950     1     0.400
srfK_187     623445     4032140     1     0.400
srfK_189     623576     4031970     1     0.400
srfK_190     623759     4033730     1     0.400
srfK_191     623093     4033590     1     0.400
srfK_193     623358     4034120     1     0.400
srfK_198     619767     4032590     1     0.400
srfK_200     621171     4034120     1     0.400
srfK_201     621575     4033390     1     0.400
srfK_202     622032     4031940     1     0.400
srfK_205     622765     4033050     1     0.400
srfK_206     622719     4033170     1     0.400
srfK_207     622784     4033270     1     0.400
srfK_208     622873     4033080     1     0.400
srfK_209     622534     4033080     1     0.400
srfK_210     622613     4033140     1     0.400
srfK_212     622512     4033280     1     0.400
srfK_214     622359     4033250     1     0.400
srfK_215     622344     4033440     1     0.400
srfK_216     622344     4033320     1     0.400
srfK_217     622150     4033360     1     0.400
srfK_218     622222     4033410     1     0.400
srfK_219     622259     4033540     1     0.400
srfK_222     621233     4033740     1     0.400
srfK_224     622004     4033500     1     0.400
srfK_225     621968     4033370     1     0.400
srfK_226     621816     4033370     1     0.400
srfK_227     623075     4032660     1     0.400
srfK_229     620176     4033910     1     0.400
srfK_233     611480     4033440     1     0.400
srfK_235     611300     4034530     1     0.400
srfK_236     608983     4033160     1     0.400
srfK_237     610064     4037800     1     0.400
srfK_241     610546     4032620     1     0.400
srfK_242     620036     4023320     1     0.400
srfK_243     607297     4035520     1     0.400
srfK_245     606555     4038670     1     0.400
srfK_246     607338     4038330     1     0.400
srfK_247     607337     4036350     1     0.400
srfK_251     613127     4038110     1     0.400
srfK_252     613340     4037980     1     0.400
srfK_253     613434     4037730     1     0.400
srfK_254     613653     4037350     1     0.400
srfK_255     613850     4036980     1     0.400
srfK_257     613118     4038380     1     0.400
srfK_258     612427     4038480     1     0.400
srfK_259     613004     4038550     1     0.400
srfK_260     613482     4038220     1     0.400
srfK_264     614897     4037620     1     0.400
srfK_269     616412     4035260     1     0.400
srfK_272     613650     4038280     1     0.400
srfK_273     613905     4038000     1     0.400
srfK_277     615413     4035870     1     0.400
srfK_278     614978     4035010     1     0.400
srfK_282     615999     4035540     1     0.400
srfK_286     615465     4035530     1     0.400
srfK_290     616088     4036080     1     0.400
srfK_291     615944     4035670     1     0.400
srfK_294     614400     4037910     1     0.400
srfK_295     613746     4037670     1     0.400
srfK_296     614177     4038110     1     0.400
srfK_302     614504     4037360     1     0.400
srfK_303     614937     4037250     1     0.400
srfK_306     614011     4038230     1     0.400
srfK_307     613789     4038490     1     0.400
srfK_309     616062     4037620     1     0.400
srfK_313     613767     4039040     1     0.400
srfK_318     613400     4038630     1     0.400
srfK_321     616749     4038900     1     0.400
srfK_323     617388     4035530     1     0.400
srfK_324     614222     4034460     1     0.400
srfK_325     614098     4038520     1     0.400
srfK_330     625545     4036210     1     0.400
srfK_340     623631     4036800     1     0.400
srfK_342     612755     4040460     1     0.400
srfK_344     612353     4041140     1     0.400
srfK_345     612543     4041770     1     0.400
srfK_347     615128     4039530     1     0.400
srfK_348     614538     4039640     1     0.400
srfK_352     613847     4039590     1     0.400
srfK_355     614401     4039210     1     0.400
srfK_358     613811     4039240     1     0.400
srfK_366     612939     4039060     1     0.400
srfK_370     616421     4036460     1     0.400
srfK_372     612179     4039010     1     0.400
srfK_374     612375     4039860     1     0.400
srfK_376     612014     4039260     1     0.400
srfK_377     611615     4039770     1     0.400
srfK_378     612135     4039660     1     0.400
srfK_379     609878     4040300     1     0.400
srfK_380     609326     4041160     1     0.400
srfK_381     609573     4041680     1     0.400
srfK_382     610112     4041800     1     0.400
srfK_383     610587     4041210     1     0.400
srfK_384     610940     4040050     1     0.400
srfK_387     611317     4039460     1     0.400
srfK_388     611715     4041570     1     0.400
srfK_389     611707     4041580     1     0.400
srfK_390     611459     4041880     1     0.400
srfK_392     608453     4039740     1     0.400
srfK_394     609914     4040980     1     0.400
srfK_396     608852     4041960     1     0.400
srfK_397     609791     4041450     1     0.400
srfK_398     608721     4041800     1     0.400
srfK_399     608366     4041950     1     0.400
srfK_401     608754     4042060     1     0.400
srfK_402     609077     4041920     1     0.400
srfK_403     608571     4041900     1     0.400
srfK_404     608655     4041960     1     0.400
srfK_406     608420     4042130     1     0.400
srfK_407     608562     4042110     1     0.400
srfK_409     611553     4040400     1     0.400
srfK_410     611332     4040710     1     0.400
srfK_411     610909     4040760     1     0.400
srfK_412     608377     4042220     1     0.400
srfK_417     610974     4043120     1     0.400
srfK_419     612253     4040240     1     0.400
srfK_420     612452     4040050     1     0.400
srfK_421     611984     4039950     1     0.400
srfK_422     611947     4040300     1     0.400
srfK_423     612273     4040030     1     0.400
srfK_424     611006     4042490     1     0.400
srfK_425     611150     4041540     1     0.400
srfK_426     610997     4041170     1     0.400
srfK_428     610945     4041490     1     0.400
srfK_429     611053     4041280     1     0.400
srfK_430     611251     4041310     1     0.400
srfK_432     612120     4040570     1     0.400
srfK_433     612095     4041440     1     0.400
srfK_434     613185     4040950     1     0.400
srfK_435     611589     4040080     1     0.400
srfK_436     611368     4041260     1     0.400
srfK_438     611847     4039450     1     0.400
srfK_442     610240     4041350     1     0.400
srfK_444     610696     4041610     1     0.400
srfK_445     611623     4041020     1     0.400
srfK_446     611004     4040960     1     0.400
srfK_447     611354     4041060     1     0.400
srfK_448     609269     4041880     1     0.400
srfK_450     606379     4042440     1     0.400
srfK_455     606977     4042820     1     0.400
srfK_456     608062     4042430     1     0.400
srfK_458     607771     4042460     1     0.400
srfK_459     608452     4042440     1     0.400
srfK_460     608008     4042060     1     0.400
srfK_461     606671     4040780     1     0.400
srfK_462     607482     4042200     1     0.400
srfK_463     608039     4042270     1     0.400
srfK_464     607063     4042100     1     0.400
srfK_466     607272     4042480     1     0.400
srfK_468     606539     4040640     1     0.400
srfK_471     607054     4039840     1     0.400
srfK_472     604953     4038650     1     0.400
srfK_475     606568     4040990     1     0.400
srfK_483     608177     4041760     1     0.400
srfK_484     608195     4042120     1     0.400
srfK_485     608251     4042230     1     0.400
srfK_486     608293     4042840     1     0.400
srfK_488     606469     4041330     1     0.400
srfK_490     603818     4041500     1     0.400
srfK_493     604763     4042640     1     0.400
srfK_495     607798     4042810     1     0.400
srfK_496     607649     4042610     1     0.400
srfK_497     603216     4040330     1     0.400
srfK_498     602205     4040520     1     0.400
srfK_500     601465     4042540     1     0.400
srfK_502     603647     4042650     1     0.400
srfK_504     603343     4042610     1     0.400
srfK_506     603534     4042690     1     0.400
srfK_510     597329     4043020     1     0.400
srfK_511     596878     4044430     1     0.400
srfK_512     598194     4044240     1     0.400
srfK_513     600160     4044380     1     0.400
srfK_515     598849     4044440     1     0.400
srfK_517     600007     4045310     1     0.400
srfK_518     596068     4044340     1     0.400
srfK_519     596564     4044330     1     0.400
srfK_521     596633     4044140     1     0.400
srfK_522     596565     4044330     1     0.400
srfK_523     598355     4044440     1     0.400
srfK_524     596733     4043660     1     0.400
srfK_526     598551     4044350     1     0.400
srfK_529     599450     4044520     1     0.400
srfK_530     599154     4044170     1     0.400
srfK_531     598077     4044100     1     0.400
srfK_538     599597     4043870     1     0.400
srfK_543     600984     4045720     1     0.400
srfK_550     600243     4043170     1     0.400
srfK_551     600033     4043450     1     0.400
srfK_552     599902     4043340     1     0.400
srfK_554     598150     4044540     1     0.400
srfK_555     598344     4044360     1     0.400
srfK_556     598349     4044050     1     0.400
srfK_557     598159     4044340     1     0.400
srfK_558     596813     4044840     1     0.400
srfK_565     597936     4045910     1     0.400
srfK_566     597538     4046820     1     0.400
srfK_568     598256     4044250     1     0.400
srfK_572     598355     4044250     1     0.400
srfK_576     601365     4044130     1     0.400
srfK_577     601309     4043960     1     0.400
srfK_578     601033     4043990     1     0.400
srfK_579     601072     4044160     1     0.400
srfK_580     601153     4044330     1     0.400
srfK_581     601378     4044330     1     0.400
srfK_582     600421     4044170     1     0.400
srfK_584     601340     4043430     1     0.400
srfK_587     600637     4044350     1     0.400
srfK_588     600791     4043940     1     0.400
srfK_590     600886     4044360     1     0.400
srfK_591     602778     4042970     1     0.400
srfK_592     603038     4043140     1     0.400
srfK_593     603041     4043140     1     0.400
srfK_594     603358     4043140     1     0.400
srfK_595     603349     4042940     1     0.400
srfK_597     603198     4043470     1     0.400
srfK_598     602842     4043500     1     0.400
srfK_599     603038     4043510     1     0.400
srfK_600     602858     4043860     1     0.400
srfK_604     602633     4046100     1     0.400
srfK_605     603472     4042890     1     0.400
srfK_607     603486     4042800     1     0.400
srfK_609     602971     4044050     1     0.400
srfK_610     602408     4043190     1     0.400
srfK_611     603648     4043380     1     0.400
srfK_612     603213     4043310     1     0.400
srfK_613     603771     4043490     1     0.400
srfK_617     600346     4043310     1     0.400
srfK_627     600643     4043130     1     0.400
srfK_628     604373     4043460     1     0.400
srfK_630     605750     4046350     1     0.400
srfK_631     604232     4043920     1     0.400
srfK_632     603041     4043510     1     0.400
srfK_637     600665     4042950     1     0.400
srfK_638     601284     4041970     1     0.400
srfK_644     603532     4043220     1     0.400
srfK_645     603548     4042950     1     0.400
srfK_646     603700     4043050     1     0.400
srfK_647     603581     4043030     1     0.400
srfK_648     603914     4042990     1     0.400
srfK_650     603903     4043300     1     0.400
srfK_651     604823     4043230     1     0.400
srfK_652     604640     4043160     1     0.400
srfK_653     604510     4043670     1     0.400
srfK_656     604954     4043370     1     0.400
srfK_657     605241     4042880     1     0.400
srfK_658     605019     4042940     1     0.400
srfK_659     608235     4044250     1     0.400
srfK_661     604836     4042930     1     0.400
srfK_663     604504     4042890     1     0.400
srfK_665     604374     4043180     1     0.400
srfK_666     604154     4043240     1     0.400
srfK_667     604306     4043180     1     0.400
srfK_668     604502     4042960     1     0.400
srfK_675     610175     4044070     1     0.400
srfK_678     611262     4045060     1     0.400
srfK_684     609157     4044730     1     0.400
srfK_689     610327     4044040     1     0.400
srfK_692     610858     4044330     1     0.400
  srfK_1     616160     4019910     2     0.001
  srfK_2     629500     4023400     2     0.001
  srfK_5     620891     4034890     2     0.001
  srfK_6     619339     4034280     2     0.001
  srfK_7     618309     4034580     2     0.001
  srfK_8     617289     4033460     2     0.001
 srfK_11     621643     4037290     2     0.001
 srfK_13     597765     4047430     2     0.001
 srfK_14     598161     4047340     2     0.001
 srfK_15     598571     4047430     2     0.001
 srfK_19     602478     4041900     2     0.001
 srfK_20     603089     4041870     2     0.001
 srfK_21     603276     4039080     2     0.001
 srfK_22     613690     4026160     2     0.001
 srfK_25     612654     4035370     2     0.001
 srfK_28     615551     4033120     2     0.001
 srfK_31     622631     4032370     2     0.001
 srfK_32     621869     4033060     2     0.001
 srfK_33     622548     4032850     2     0.001
 srfK_37     632368     4028170     2     0.001
 srfK_38     635098     4028600     2     0.001
 srfK_40     624378     4022350     2     0.001
 srfK_43     629376     4021040     2     0.001
 srfK_44     620835     4020480     2     0.001
 srfK_46     629895     4020500     2     0.001
 srfK_48     629450     4021560     2     0.001
 srfK_49     629242     4022500     2     0.001
 srfK_52     620444     4027120     2     0.001
 srfK_53     620607     4028860     2     0.001
 srfK_55     620982     4032510     2     0.001
 srfK_57     635383     4028890     2     0.001
 srfK_59     629557     4030060     2     0.001
 srfK_60     632195     4033210     2     0.001
 srfK_62     626593     4034950     2     0.001
 srfK_64     618065     4033380     2     0.001
 srfK_65     609000     4035560     2     0.001
 srfK_66     608882     4032350     2     0.001
 srfK_67     604618     4033580     2     0.001
 srfK_69     611338     4036480     2     0.001
 srfK_70     608563     4037480     2     0.001
 srfK_72     610023     4039130     2     0.001
 srfK_73     611530     4038510     2     0.001
 srfK_74     614858     4036290     2     0.001
 srfK_75     614302     4035840     2     0.001
 srfK_76     614282     4036550     2     0.001
 srfK_79     623633     4035880     2     0.001
 srfK_80     620575     4040290     2     0.001
 srfK_81     624051     4039100     2     0.001
 srfK_83     625858     4035860     2     0.001
 srfK_84     625217     4036650     2     0.001
 srfK_85     614793     4040070     2     0.001
 srfK_86     614352     4039890     2     0.001
 srfK_87     614226     4040350     2     0.001
 srfK_89     605856     4040100     2     0.001
 srfK_92     597508     4045320     2     0.001
 srfK_97     601740     4043420     2     0.001
srfK_100     601548     4044700     2     0.001
srfK_102     607825     4044770     2     0.001
srfK_104     606711     4045540     2     0.001
srfK_106     610438     4045060     2     0.001
srfK_109     633723     4025570     2     0.001
srfK_111     619617     4031060     2     0.001
srfK_112     621078     4030580     2     0.001
srfK_113     621819     4031780     2     0.001
srfK_115     622686     4029470     2     0.001
srfK_116     634763     4027160     2     0.001
srfK_118     626322     4031840     2     0.001
srfK_120     625638     4033610     2     0.001
srfK_121     625342     4033320     2     0.001
srfK_123     624377     4028340     2     0.001
srfK_124     625048     4032000     2     0.001
srfK_130     624418     4033420     2     0.001
srfK_131     625956     4034930     2     0.001
srfK_132     626141     4033860     2     0.001
srfK_133     625456     4034790     2     0.001
srfK_134     626214     4034430     2     0.001
srfK_136     625309     4034350     2     0.001
srfK_137     625724     4034000     2     0.001
srfK_138     624235     4034580     2     0.001
srfK_139     624419     4035520     2     0.001
srfK_140     622196     4031580     2     0.001
srfK_141     621836     4030140     2     0.001
srfK_143     621675     4032660     2     0.001
srfK_144     620389     4029540     2     0.001
srfK_146     624547     4031270     2     0.001
srfK_147     624161     4031830     2     0.001
srfK_149     623253     4031210     2     0.001
srfK_150     623569     4031650     2     0.001
srfK_151     623923     4032040     2     0.001
srfK_154     622820     4032240     2     0.001
srfK_156     622186     4032610     2     0.001
srfK_157     621212     4033350     2     0.001
srfK_158     620802     4031730     2     0.001
srfK_161     622100     4033140     2     0.001
srfK_162     622191     4032940     2     0.001
srfK_163     621984     4033640     2     0.001
srfK_165     621684     4033810     2     0.001
srfK_169     620553     4034380     2     0.001
srfK_171     620152     4034590     2     0.001
srfK_172     620736     4033570     2     0.001
srfK_173     620168     4035000     2     0.001
srfK_175     623773     4034360     2     0.001
srfK_176     623749     4034050     2     0.001
srfK_177     622539     4034170     2     0.001
srfK_178     623051     4035200     2     0.001
srfK_180     624941     4031370     2     0.001
srfK_181     624759     4032760     2     0.001
srfK_183     622656     4031610     2     0.001
srfK_184     623295     4032990     2     0.001
srfK_185     623969     4032890     2     0.001
srfK_186     623878     4032600     2     0.001
srfK_188     623569     4032410     2     0.001
srfK_192     623162     4033930     2     0.001
srfK_194     625081     4030970     2     0.001
srfK_195     621540     4033180     2     0.001
srfK_196     621374     4032940     2     0.001
srfK_197     620700     4033130     2     0.001
srfK_199     619858     4033200     2     0.001
srfK_203     623070     4033130     2     0.001
srfK_204     623061     4033130     2     0.001
srfK_211     622700     4033470     2     0.001
srfK_213     622656     4033660     2     0.001
srfK_220     622460     4033430     2     0.001
srfK_221     622137     4033950     2     0.001
srfK_223     620820     4034090     2     0.001
srfK_228     620059     4033430     2     0.001
srfK_230     619674     4033530     2     0.001
srfK_231     618736     4033170     2     0.001
srfK_232     610546     4034370     2     0.001
srfK_234     613061     4034490     2     0.001
srfK_238     615811     4023510     2     0.001
srfK_239     607049     4033240     2     0.001
srfK_240     609586     4033580     2     0.001
srfK_244     605863     4037300     2     0.001
srfK_248     608929     4040250     2     0.001
srfK_249     608577     4038590     2     0.001
srfK_250     612062     4038210     2     0.001
srfK_256     613376     4036930     2     0.001
srfK_261     613479     4038830     2     0.001
srfK_262     613259     4039650     2     0.001
srfK_263     614993     4038090     2     0.001
srfK_265     614461     4038380     2     0.001
srfK_266     614684     4038450     2     0.001
srfK_267     615764     4038270     2     0.001
srfK_268     615960     4035060     2     0.001
srfK_270     615482     4034880     2     0.001
srfK_271     616016     4034820     2     0.001
srfK_274     613858     4036630     2     0.001
srfK_275     615454     4035160     2     0.001
srfK_276     614508     4035530     2     0.001
srfK_279     616333     4036270     2     0.001
srfK_280     615756     4035220     2     0.001
srfK_281     615763     4035450     2     0.001
srfK_283     616187     4035380     2     0.001
srfK_284     615699     4035030     2     0.001
srfK_285     615346     4035340     2     0.001
srfK_287     615844     4035940     2     0.001
srfK_288     615470     4035310     2     0.001
srfK_289     615655     4035410     2     0.001
srfK_292     615785     4036560     2     0.001
srfK_293     616710     4036980     2     0.001
srfK_297     612430     4037560     2     0.001
srfK_298     616676     4036370     2     0.001
srfK_299     612771     4033140     2     0.001
srfK_300     616090     4036490     2     0.001
srfK_301     613973     4033070     2     0.001
srfK_304     614385     4038480     2     0.001
srfK_305     614629     4038670     2     0.001
srfK_308     613376     4036540     2     0.001
srfK_310     614630     4038670     2     0.001
srfK_311     616310     4038810     2     0.001
srfK_312     616505     4035970     2     0.001
srfK_314     614587     4038170     2     0.001
srfK_315     615679     4037090     2     0.001
srfK_316     616359     4034840     2     0.001
srfK_317     615957     4034340     2     0.001
srfK_319     613164     4038870     2     0.001
srfK_320     616337     4036770     2     0.001
srfK_322     624848     4042750     2     0.001
srfK_326     614245     4038550     2     0.001
srfK_327     623499     4035070     2     0.001
srfK_328     625150     4036440     2     0.001
srfK_329     624751     4036750     2     0.001
srfK_331     625059     4036210     2     0.001
srfK_332     624451     4036640     2     0.001
srfK_333     624944     4036330     2     0.001
srfK_334     623167     4034710     2     0.001
srfK_335     624388     4034940     2     0.001
srfK_336     625724     4034290     2     0.001
srfK_337     625442     4035520     2     0.001
srfK_338     624552     4036840     2     0.001
srfK_339     624794     4036510     2     0.001
srfK_341     613957     4040710     2     0.001
srfK_343     612953     4041540     2     0.001
srfK_346     614845     4040620     2     0.001
srfK_349     614350     4039880     2     0.001
srfK_350     613495     4040170     2     0.001
srfK_351     613574     4041230     2     0.001
srfK_353     613580     4039820     2     0.001
srfK_354     612489     4042150     2     0.001
srfK_356     614149     4039120     2     0.001
srfK_357     613361     4039320     2     0.001
srfK_359     614521     4039390     2     0.001
srfK_360     614263     4038920     2     0.001
srfK_361     612371     4040700     2     0.001
srfK_362     615301     4038980     2     0.001
srfK_363     614676     4038890     2     0.001
srfK_364     614567     4038960     2     0.001
srfK_365     614757     4039130     2     0.001
srfK_367     614369     4038740     2     0.001
srfK_368     614562     4038800     2     0.001
srfK_369     614436     4038870     2     0.001
srfK_371     612890     4039370     2     0.001
srfK_373     612516     4039290     2     0.001
srfK_375     612609     4039600     2     0.001
srfK_385     610910     4039790     2     0.001
srfK_386     610797     4038760     2     0.001
srfK_391     611645     4042990     2     0.001
srfK_393     608487     4040890     2     0.001
srfK_395     608853     4041580     2     0.001
srfK_400     608749     4042240     2     0.001
srfK_405     608329     4041410     2     0.001
srfK_408     611966     4041070     2     0.001
srfK_413     609206     4043430     2     0.001
srfK_414     608985     4042450     2     0.001
srfK_415     610065     4042360     2     0.001
srfK_416     610456     4042860     2     0.001
srfK_418     612787     4039970     2     0.001
srfK_427     610491     4041790     2     0.001
srfK_431     612748     4041230     2     0.001
srfK_437     609017     4042100     2     0.001
srfK_439     611536     4039070     2     0.001
srfK_440     610973     4041860     2     0.001
srfK_441     611043     4044130     2     0.001
srfK_443     610659     4042370     2     0.001
srfK_449     609515     4043020     2     0.001
srfK_451     605761     4041970     2     0.001
srfK_452     605660     4042390     2     0.001
srfK_453     606345     4043620     2     0.001
srfK_454     607457     4043740     2     0.001
srfK_457     607594     4043180     2     0.001
srfK_465     606640     4041850     2     0.001
srfK_467     607540     4041780     2     0.001
srfK_469     606940     4041510     2     0.001
srfK_470     607703     4041190     2     0.001
srfK_473     606114     4039410     2     0.001
srfK_474     606133     4040500     2     0.001
srfK_476     605948     4040810     2     0.001
srfK_477     603921     4040680     2     0.001
srfK_478     604351     4040940     2     0.001
srfK_479     605000     4039700     2     0.001
srfK_480     604932     4040690     2     0.001
srfK_481     604747     4041350     2     0.001
srfK_482     604704     4041650     2     0.001
srfK_487     608435     4043260     2     0.001
srfK_489     605735     4041390     2     0.001
srfK_491     604378     4041420     2     0.001
srfK_492     604180     4042370     2     0.001
srfK_494     607363     4042870     2     0.001
srfK_499     600725     4042460     2     0.001
srfK_501     601991     4042760     2     0.001
srfK_503     604280     4041710     2     0.001
srfK_505     603448     4042410     2     0.001
srfK_507     603160     4042780     2     0.001
srfK_508     602996     4042490     2     0.001
srfK_509     603857     4042240     2     0.001
srfK_514     600026     4043960     2     0.001
srfK_516     599470     4045190     2     0.001
srfK_520     596121     4044920     2     0.001
srfK_525     598267     4043230     2     0.001
srfK_527     598953     4044950     2     0.001
srfK_528     599221     4045320     2     0.001
srfK_532     599274     4043240     2     0.001
srfK_533     599529     4043170     2     0.001
srfK_534     598842     4043670     2     0.001
srfK_535     599559     4043560     2     0.001
srfK_536     599640     4043260     2     0.001
srfK_537     599820     4043780     2     0.001
srfK_539     599743     4043630     2     0.001
srfK_540     599003     4045650     2     0.001
srfK_541     599242     4046550     2     0.001
srfK_542     603061     4047330     2     0.001
srfK_544     600749     4045510     2     0.001
srfK_545     600116     4043050     2     0.001
srfK_546     599872     4043000     2     0.001
srfK_547     599847     4043110     2     0.001
srfK_548     599906     4043240     2     0.001
srfK_549     600198     4044870     2     0.001
srfK_553     600033     4043290     2     0.001
srfK_559     597046     4046430     2     0.001
srfK_560     597337     4045900     2     0.001
srfK_561     598506     4046590     2     0.001
srfK_562     598748     4046450     2     0.001
srfK_563     599025     4046770     2     0.001
srfK_564     598451     4046910     2     0.001
srfK_567     598012     4047080     2     0.001
srfK_569     598164     4046760     2     0.001
srfK_570     598394     4046260     2     0.001
srfK_571     598673     4046930     2     0.001
srfK_573     597603     4044930     2     0.001
srfK_574     598144     4046420     2     0.001
srfK_575     600229     4043620     2     0.001
srfK_583     600749     4045490     2     0.001
srfK_585     600848     4043610     2     0.001
srfK_586     600744     4043660     2     0.001
srfK_589     600931     4044660     2     0.001
srfK_596     603591     4043870     2     0.001
srfK_601     603555     4044270     2     0.001
srfK_602     602533     4044090     2     0.001
srfK_603     601625     4047110     2     0.001
srfK_606     604046     4042680     2     0.001
srfK_608     603953     4042850     2     0.001
srfK_614     600991     4042950     2     0.001
srfK_615     600243     4042940     2     0.001
srfK_616     600315     4042620     2     0.001
srfK_618     600378     4043530     2     0.001
srfK_619     600774     4043030     2     0.001
srfK_620     600756     4043150     2     0.001
srfK_621     600854     4043190     2     0.001
srfK_622     600964     4043240     2     0.001
srfK_623     600553     4043030     2     0.001
srfK_624     600667     4043610     2     0.001
srfK_625     600693     4043430     2     0.001
srfK_626     600777     4043260     2     0.001
srfK_629     604429     4045670     2     0.001
srfK_633     600953     4043070     2     0.001
srfK_634     599984     4042790     2     0.001
srfK_635     600344     4043030     2     0.001
srfK_636     600437     4043030     2     0.001
srfK_639     600494     4043190     2     0.001
srfK_640     600736     4042850     2     0.001
srfK_641     600301     4042850     2     0.001
srfK_642     600859     4042760     2     0.001
srfK_643     601560     4043130     2     0.001
srfK_649     600466     4042910     2     0.001
srfK_654     607006     4044270     2     0.001
srfK_655     605281     4044140     2     0.001
srfK_660     607464     4044270     2     0.001
srfK_662     605014     4041850     2     0.001
srfK_664     604836     4042360     2     0.001
srfK_669     610632     4042050     2     0.001
srfK_670     608529     4045890     2     0.001
srfK_671     606822     4043330     2     0.001
srfK_672     608570     4044070     2     0.001
srfK_673     610715     4043950     2     0.001
srfK_674     610440     4043260     2     0.001
srfK_676     610645     4043610     2     0.001
srfK_677     611220     4043780     2     0.001
srfK_679     610587     4044450     2     0.001
srfK_680     610665     4044150     2     0.001
srfK_681     610234     4043780     2     0.001
srfK_682     609780     4045620     2     0.001
srfK_683     610460     4044140     2     0.001
srfK_685     608893     4045040     2     0.001
srfK_686     609402     4045150     2     0.001
srfK_687     609904     4043900     2     0.001
srfK_688     609964     4043490     2     0.001
srfK_690     609468     4044120     2     0.001
srfK_691     611037     4044460     2     0.001
srfK_693     611341     4044170     2     0.001
srfK_694     598952     4047260     2     0.001
srfK_695     598622     4047210     2     0.001
srfK_696     597843     4047650     2     0.001
srfK_697     599234     4047150     2     0.001
srfK_698     599806     4046970     2     0.001
