   vks_3     628800     4021900     1     0.400
   vks_4     632700     4025600     1     0.400
   vks_9     618861     4036860     1     0.400
  vks_10     620363     4038880     1     0.400
  vks_12     621714     4035600     1     0.400
  vks_16     610634     4040320     1     0.400
  vks_17     610362     4040780     1     0.400
  vks_18     601375     4041000     1     0.400
  vks_23     608200     4029900     1     0.400
  vks_24     612200     4029800     1     0.400
  vks_26     615089     4035450     1     0.400
  vks_27     615425     4031770     1     0.400
  vks_29     617300     4029800     1     0.400
  vks_30     622846     4032800     1     0.400
  vks_34     622737     4032940     1     0.400
  vks_35     622859     4032950     1     0.400
  vks_36     610800     4027600     1     0.400
  vks_39     623900     4017700     1     0.400
  vks_41     619688     4026190     1     0.400
  vks_42     622700     4026200     1     0.400
  vks_45     622525     4018340     1     0.400
  vks_47     621200     4017800     1     0.400
  vks_50     627245     4026960     1     0.400
  vks_51     620316     4029030     1     0.400
  vks_54     619803     4028910     1     0.400
  vks_56     633800     4029600     1     0.400
  vks_58     628600     4034800     1     0.400
  vks_61     625442     4033120     1     0.400
  vks_63     627822     4039840     1     0.400
  vks_68     606649     4035520     1     0.400
  vks_71     608094     4038910     1     0.400
  vks_77     614457     4036950     1     0.400
  vks_78     615265     4036460     1     0.400
  vks_82     624335     4036360     1     0.400
  vks_88     607526     4040450     1     0.400
  vks_90     597840     4044480     1     0.400
  vks_91     597349     4044080     1     0.400
  vks_93     598397     4044840     1     0.400
  vks_94     598313     4044550     1     0.400
  vks_95     598249     4044440     1     0.400
  vks_96     602220     4043730     1     0.400
  vks_98     601674     4043730     1     0.400
  vks_99     601804     4044250     1     0.400
 vks_101     602426     4043510     1     0.400
 vks_103     607173     4044040     1     0.400
 vks_105     607336     4044780     1     0.400
 vks_107     610341     4044340     1     0.400
 vks_108     609906     4044630     1     0.400
 vks_110     621327     4032140     1     0.400
 vks_114     624359     4030790     1     0.400
 vks_117     624567     4032940     1     0.400
 vks_119     625083     4033690     1     0.400
 vks_122     627061     4033930     1     0.400
 vks_125     626458     4033090     1     0.400
 vks_126     624859     4033050     1     0.400
 vks_127     624815     4033640     1     0.400
 vks_128     623444     4033410     1     0.400
 vks_129     624101     4033280     1     0.400
 vks_135     624869     4034540     1     0.400
 vks_142     622037     4032150     1     0.400
 vks_145     624307     4031510     1     0.400
 vks_148     624446     4032230     1     0.400
 vks_152     620574     4029190     1     0.400
 vks_153     622364     4032050     1     0.400
 vks_155     623174     4031890     1     0.400
 vks_159     621715     4033250     1     0.400
 vks_160     621990     4033240     1     0.400
 vks_164     621617     4033650     1     0.400
 vks_166     621516     4034030     1     0.400
 vks_167     621847     4033540     1     0.400
 vks_168     621633     4033480     1     0.400
 vks_170     622360     4034530     1     0.400
 vks_174     621457     4033760     1     0.400
 vks_179     624462     4034170     1     0.400
 vks_182     625268     4032950     1     0.400
 vks_187     623445     4032140     1     0.400
 vks_189     623576     4031970     1     0.400
 vks_190     623759     4033730     1     0.400
 vks_191     623093     4033590     1     0.400
 vks_193     623358     4034120     1     0.400
 vks_198     619767     4032590     1     0.400
 vks_200     621171     4034120     1     0.400
 vks_201     621575     4033390     1     0.400
 vks_202     622032     4031940     1     0.400
 vks_205     622765     4033050     1     0.400
 vks_206     622719     4033170     1     0.400
 vks_207     622784     4033270     1     0.400
 vks_208     622873     4033080     1     0.400
 vks_209     622534     4033080     1     0.400
 vks_210     622613     4033140     1     0.400
 vks_212     622512     4033280     1     0.400
 vks_214     622359     4033250     1     0.400
 vks_215     622344     4033440     1     0.400
 vks_216     622344     4033320     1     0.400
 vks_217     622150     4033360     1     0.400
 vks_218     622222     4033410     1     0.400
 vks_219     622259     4033540     1     0.400
 vks_222     621233     4033740     1     0.400
 vks_224     622004     4033500     1     0.400
 vks_225     621968     4033370     1     0.400
 vks_226     621816     4033370     1     0.400
 vks_227     623075     4032660     1     0.400
 vks_229     620176     4033910     1     0.400
 vks_233     611480     4033440     1     0.400
 vks_235     611300     4034530     1     0.400
 vks_236     608983     4033160     1     0.400
 vks_237     610064     4037800     1     0.400
 vks_241     610546     4032620     1     0.400
 vks_242     620036     4023320     1     0.400
 vks_243     607297     4035520     1     0.400
 vks_245     606555     4038670     1     0.400
 vks_246     607338     4038330     1     0.400
 vks_247     607337     4036350     1     0.400
 vks_251     613127     4038110     1     0.400
 vks_252     613340     4037980     1     0.400
 vks_253     613434     4037730     1     0.400
 vks_254     613653     4037350     1     0.400
 vks_255     613850     4036980     1     0.400
 vks_257     613118     4038380     1     0.400
 vks_258     612427     4038480     1     0.400
 vks_259     613004     4038550     1     0.400
 vks_260     613482     4038220     1     0.400
 vks_264     614897     4037620     1     0.400
 vks_269     616412     4035260     1     0.400
 vks_272     613650     4038280     1     0.400
 vks_273     613905     4038000     1     0.400
 vks_277     615413     4035870     1     0.400
 vks_278     614978     4035010     1     0.400
 vks_282     615999     4035540     1     0.400
 vks_286     615465     4035530     1     0.400
 vks_290     616088     4036080     1     0.400
 vks_291     615944     4035670     1     0.400
 vks_294     614400     4037910     1     0.400
 vks_295     613746     4037670     1     0.400
 vks_296     614177     4038110     1     0.400
 vks_302     614504     4037360     1     0.400
 vks_303     614937     4037250     1     0.400
 vks_306     614011     4038230     1     0.400
 vks_307     613789     4038490     1     0.400
 vks_309     616062     4037620     1     0.400
 vks_313     613767     4039040     1     0.400
 vks_318     613400     4038630     1     0.400
 vks_321     616749     4038900     1     0.400
 vks_323     617388     4035530     1     0.400
 vks_324     614222     4034460     1     0.400
 vks_325     614098     4038520     1     0.400
 vks_330     625545     4036210     1     0.400
 vks_340     623631     4036800     1     0.400
 vks_342     612755     4040460     1     0.400
 vks_344     612353     4041140     1     0.400
 vks_345     612543     4041770     1     0.400
 vks_347     615128     4039530     1     0.400
 vks_348     614538     4039640     1     0.400
 vks_352     613847     4039590     1     0.400
 vks_355     614401     4039210     1     0.400
 vks_358     613811     4039240     1     0.400
 vks_366     612939     4039060     1     0.400
 vks_370     616421     4036460     1     0.400
 vks_372     612179     4039010     1     0.400
 vks_374     612375     4039860     1     0.400
 vks_376     612014     4039260     1     0.400
 vks_377     611615     4039770     1     0.400
 vks_378     612135     4039660     1     0.400
 vks_379     609878     4040300     1     0.400
 vks_380     609326     4041160     1     0.400
 vks_381     609573     4041680     1     0.400
 vks_382     610112     4041800     1     0.400
 vks_383     610587     4041210     1     0.400
 vks_384     610940     4040050     1     0.400
 vks_387     611317     4039460     1     0.400
 vks_388     611715     4041570     1     0.400
 vks_389     611707     4041580     1     0.400
 vks_390     611459     4041880     1     0.400
 vks_392     608453     4039740     1     0.400
 vks_394     609914     4040980     1     0.400
 vks_396     608852     4041960     1     0.400
 vks_397     609791     4041450     1     0.400
 vks_398     608721     4041800     1     0.400
 vks_399     608366     4041950     1     0.400
 vks_401     608754     4042060     1     0.400
 vks_402     609077     4041920     1     0.400
 vks_403     608571     4041900     1     0.400
 vks_404     608655     4041960     1     0.400
 vks_406     608420     4042130     1     0.400
 vks_407     608562     4042110     1     0.400
 vks_409     611553     4040400     1     0.400
 vks_410     611332     4040710     1     0.400
 vks_411     610909     4040760     1     0.400
 vks_412     608377     4042220     1     0.400
 vks_417     610974     4043120     1     0.400
 vks_419     612253     4040240     1     0.400
 vks_420     612452     4040050     1     0.400
 vks_421     611984     4039950     1     0.400
 vks_422     611947     4040300     1     0.400
 vks_423     612273     4040030     1     0.400
 vks_424     611006     4042490     1     0.400
 vks_425     611150     4041540     1     0.400
 vks_426     610997     4041170     1     0.400
 vks_428     610945     4041490     1     0.400
 vks_429     611053     4041280     1     0.400
 vks_430     611251     4041310     1     0.400
 vks_432     612120     4040570     1     0.400
 vks_433     612095     4041440     1     0.400
 vks_434     613185     4040950     1     0.400
 vks_435     611589     4040080     1     0.400
 vks_436     611368     4041260     1     0.400
 vks_438     611847     4039450     1     0.400
 vks_442     610240     4041350     1     0.400
 vks_444     610696     4041610     1     0.400
 vks_445     611623     4041020     1     0.400
 vks_446     611004     4040960     1     0.400
 vks_447     611354     4041060     1     0.400
 vks_448     609269     4041880     1     0.400
 vks_450     606379     4042440     1     0.400
 vks_455     606977     4042820     1     0.400
 vks_456     608062     4042430     1     0.400
 vks_458     607771     4042460     1     0.400
 vks_459     608452     4042440     1     0.400
 vks_460     608008     4042060     1     0.400
 vks_461     606671     4040780     1     0.400
 vks_462     607482     4042200     1     0.400
 vks_463     608039     4042270     1     0.400
 vks_464     607063     4042100     1     0.400
 vks_466     607272     4042480     1     0.400
 vks_468     606539     4040640     1     0.400
 vks_471     607054     4039840     1     0.400
 vks_472     604953     4038650     1     0.400
 vks_475     606568     4040990     1     0.400
 vks_483     608177     4041760     1     0.400
 vks_484     608195     4042120     1     0.400
 vks_485     608251     4042230     1     0.400
 vks_486     608293     4042840     1     0.400
 vks_488     606469     4041330     1     0.400
 vks_490     603818     4041500     1     0.400
 vks_493     604763     4042640     1     0.400
 vks_495     607798     4042810     1     0.400
 vks_496     607649     4042610     1     0.400
 vks_497     603216     4040330     1     0.400
 vks_498     602205     4040520     1     0.400
 vks_500     601465     4042540     1     0.400
 vks_502     603647     4042650     1     0.400
 vks_504     603343     4042610     1     0.400
 vks_506     603534     4042690     1     0.400
 vks_510     597329     4043020     1     0.400
 vks_511     596878     4044430     1     0.400
 vks_512     598194     4044240     1     0.400
 vks_513     600160     4044380     1     0.400
 vks_515     598849     4044440     1     0.400
 vks_517     600007     4045310     1     0.400
 vks_518     596068     4044340     1     0.400
 vks_519     596564     4044330     1     0.400
 vks_521     596633     4044140     1     0.400
 vks_522     596565     4044330     1     0.400
 vks_523     598355     4044440     1     0.400
 vks_524     596733     4043660     1     0.400
 vks_526     598551     4044350     1     0.400
 vks_529     599450     4044520     1     0.400
 vks_530     599154     4044170     1     0.400
 vks_531     598077     4044100     1     0.400
 vks_538     599597     4043870     1     0.400
 vks_543     600984     4045720     1     0.400
 vks_550     600243     4043170     1     0.400
 vks_551     600033     4043450     1     0.400
 vks_552     599902     4043340     1     0.400
 vks_554     598150     4044540     1     0.400
 vks_555     598344     4044360     1     0.400
 vks_556     598349     4044050     1     0.400
 vks_557     598159     4044340     1     0.400
 vks_558     596813     4044840     1     0.400
 vks_565     597936     4045910     1     0.400
 vks_566     597538     4046820     1     0.400
 vks_568     598256     4044250     1     0.400
 vks_572     598355     4044250     1     0.400
 vks_576     601365     4044130     1     0.400
 vks_577     601309     4043960     1     0.400
 vks_578     601033     4043990     1     0.400
 vks_579     601072     4044160     1     0.400
 vks_580     601153     4044330     1     0.400
 vks_581     601378     4044330     1     0.400
 vks_582     600421     4044170     1     0.400
 vks_584     601340     4043430     1     0.400
 vks_587     600637     4044350     1     0.400
 vks_588     600791     4043940     1     0.400
 vks_590     600886     4044360     1     0.400
 vks_591     602778     4042970     1     0.400
 vks_592     603038     4043140     1     0.400
 vks_593     603041     4043140     1     0.400
 vks_594     603358     4043140     1     0.400
 vks_595     603349     4042940     1     0.400
 vks_597     603198     4043470     1     0.400
 vks_598     602842     4043500     1     0.400
 vks_599     603038     4043510     1     0.400
 vks_600     602858     4043860     1     0.400
 vks_604     602633     4046100     1     0.400
 vks_605     603472     4042890     1     0.400
 vks_607     603486     4042800     1     0.400
 vks_609     602971     4044050     1     0.400
 vks_610     602408     4043190     1     0.400
 vks_611     603648     4043380     1     0.400
 vks_612     603213     4043310     1     0.400
 vks_613     603771     4043490     1     0.400
 vks_617     600346     4043310     1     0.400
 vks_627     600643     4043130     1     0.400
 vks_628     604373     4043460     1     0.400
 vks_630     605750     4046350     1     0.400
 vks_631     604232     4043920     1     0.400
 vks_632     603041     4043510     1     0.400
 vks_637     600665     4042950     1     0.400
 vks_638     601284     4041970     1     0.400
 vks_644     603532     4043220     1     0.400
 vks_645     603548     4042950     1     0.400
 vks_646     603700     4043050     1     0.400
 vks_647     603581     4043030     1     0.400
 vks_648     603914     4042990     1     0.400
 vks_650     603903     4043300     1     0.400
 vks_651     604823     4043230     1     0.400
 vks_652     604640     4043160     1     0.400
 vks_653     604510     4043670     1     0.400
 vks_656     604954     4043370     1     0.400
 vks_657     605241     4042880     1     0.400
 vks_658     605019     4042940     1     0.400
 vks_659     608235     4044250     1     0.400
 vks_661     604836     4042930     1     0.400
 vks_663     604504     4042890     1     0.400
 vks_665     604374     4043180     1     0.400
 vks_666     604154     4043240     1     0.400
 vks_667     604306     4043180     1     0.400
 vks_668     604502     4042960     1     0.400
 vks_675     610175     4044070     1     0.400
 vks_678     611262     4045060     1     0.400
 vks_684     609157     4044730     1     0.400
 vks_689     610327     4044040     1     0.400
 vks_692     610858     4044330     1     0.400
   vks_1     616160     4019910     2     0.001
   vks_2     629500     4023400     2     0.001
   vks_5     620891     4034890     2     0.001
   vks_6     619339     4034280     2     0.001
   vks_7     618309     4034580     2     0.001
   vks_8     617289     4033460     2     0.001
  vks_11     621643     4037290     2     0.001
  vks_13     597765     4047430     2     0.001
  vks_14     598161     4047340     2     0.001
  vks_15     598571     4047430     2     0.001
  vks_19     602478     4041900     2     0.001
  vks_20     603089     4041870     2     0.001
  vks_21     603276     4039080     2     0.001
  vks_22     613690     4026160     2     0.001
  vks_25     612654     4035370     2     0.001
  vks_28     615551     4033120     2     0.001
  vks_31     622631     4032370     2     0.001
  vks_32     621869     4033060     2     0.001
  vks_33     622548     4032850     2     0.001
  vks_37     632368     4028170     2     0.001
  vks_38     635098     4028600     2     0.001
  vks_40     624378     4022350     2     0.001
  vks_43     629376     4021040     2     0.001
  vks_44     620835     4020480     2     0.001
  vks_46     629895     4020500     2     0.001
  vks_48     629450     4021560     2     0.001
  vks_49     629242     4022500     2     0.001
  vks_52     620444     4027120     2     0.001
  vks_53     620607     4028860     2     0.001
  vks_55     620982     4032510     2     0.001
  vks_57     635383     4028890     2     0.001
  vks_59     629557     4030060     2     0.001
  vks_60     632195     4033210     2     0.001
  vks_62     626593     4034950     2     0.001
  vks_64     618065     4033380     2     0.001
  vks_65     609000     4035560     2     0.001
  vks_66     608882     4032350     2     0.001
  vks_67     604618     4033580     2     0.001
  vks_69     611338     4036480     2     0.001
  vks_70     608563     4037480     2     0.001
  vks_72     610023     4039130     2     0.001
  vks_73     611530     4038510     2     0.001
  vks_74     614858     4036290     2     0.001
  vks_75     614302     4035840     2     0.001
  vks_76     614282     4036550     2     0.001
  vks_79     623633     4035880     2     0.001
  vks_80     620575     4040290     2     0.001
  vks_81     624051     4039100     2     0.001
  vks_83     625858     4035860     2     0.001
  vks_84     625217     4036650     2     0.001
  vks_85     614793     4040070     2     0.001
  vks_86     614352     4039890     2     0.001
  vks_87     614226     4040350     2     0.001
  vks_89     605856     4040100     2     0.001
  vks_92     597508     4045320     2     0.001
  vks_97     601740     4043420     2     0.001
 vks_100     601548     4044700     2     0.001
 vks_102     607825     4044770     2     0.001
 vks_104     606711     4045540     2     0.001
 vks_106     610438     4045060     2     0.001
 vks_109     633723     4025570     2     0.001
 vks_111     619617     4031060     2     0.001
 vks_112     621078     4030580     2     0.001
 vks_113     621819     4031780     2     0.001
 vks_115     622686     4029470     2     0.001
 vks_116     634763     4027160     2     0.001
 vks_118     626322     4031840     2     0.001
 vks_120     625638     4033610     2     0.001
 vks_121     625342     4033320     2     0.001
 vks_123     624377     4028340     2     0.001
 vks_124     625048     4032000     2     0.001
 vks_130     624418     4033420     2     0.001
 vks_131     625956     4034930     2     0.001
 vks_132     626141     4033860     2     0.001
 vks_133     625456     4034790     2     0.001
 vks_134     626214     4034430     2     0.001
 vks_136     625309     4034350     2     0.001
 vks_137     625724     4034000     2     0.001
 vks_138     624235     4034580     2     0.001
 vks_139     624419     4035520     2     0.001
 vks_140     622196     4031580     2     0.001
 vks_141     621836     4030140     2     0.001
 vks_143     621675     4032660     2     0.001
 vks_144     620389     4029540     2     0.001
 vks_146     624547     4031270     2     0.001
 vks_147     624161     4031830     2     0.001
 vks_149     623253     4031210     2     0.001
 vks_150     623569     4031650     2     0.001
 vks_151     623923     4032040     2     0.001
 vks_154     622820     4032240     2     0.001
 vks_156     622186     4032610     2     0.001
 vks_157     621212     4033350     2     0.001
 vks_158     620802     4031730     2     0.001
 vks_161     622100     4033140     2     0.001
 vks_162     622191     4032940     2     0.001
 vks_163     621984     4033640     2     0.001
 vks_165     621684     4033810     2     0.001
 vks_169     620553     4034380     2     0.001
 vks_171     620152     4034590     2     0.001
 vks_172     620736     4033570     2     0.001
 vks_173     620168     4035000     2     0.001
 vks_175     623773     4034360     2     0.001
 vks_176     623749     4034050     2     0.001
 vks_177     622539     4034170     2     0.001
 vks_178     623051     4035200     2     0.001
 vks_180     624941     4031370     2     0.001
 vks_181     624759     4032760     2     0.001
 vks_183     622656     4031610     2     0.001
 vks_184     623295     4032990     2     0.001
 vks_185     623969     4032890     2     0.001
 vks_186     623878     4032600     2     0.001
 vks_188     623569     4032410     2     0.001
 vks_192     623162     4033930     2     0.001
 vks_194     625081     4030970     2     0.001
 vks_195     621540     4033180     2     0.001
 vks_196     621374     4032940     2     0.001
 vks_197     620700     4033130     2     0.001
 vks_199     619858     4033200     2     0.001
 vks_203     623070     4033130     2     0.001
 vks_204     623061     4033130     2     0.001
 vks_211     622700     4033470     2     0.001
 vks_213     622656     4033660     2     0.001
 vks_220     622460     4033430     2     0.001
 vks_221     622137     4033950     2     0.001
 vks_223     620820     4034090     2     0.001
 vks_228     620059     4033430     2     0.001
 vks_230     619674     4033530     2     0.001
 vks_231     618736     4033170     2     0.001
 vks_232     610546     4034370     2     0.001
 vks_234     613061     4034490     2     0.001
 vks_238     615811     4023510     2     0.001
 vks_239     607049     4033240     2     0.001
 vks_240     609586     4033580     2     0.001
 vks_244     605863     4037300     2     0.001
 vks_248     608929     4040250     2     0.001
 vks_249     608577     4038590     2     0.001
 vks_250     612062     4038210     2     0.001
 vks_256     613376     4036930     2     0.001
 vks_261     613479     4038830     2     0.001
 vks_262     613259     4039650     2     0.001
 vks_263     614993     4038090     2     0.001
 vks_265     614461     4038380     2     0.001
 vks_266     614684     4038450     2     0.001
 vks_267     615764     4038270     2     0.001
 vks_268     615960     4035060     2     0.001
 vks_270     615482     4034880     2     0.001
 vks_271     616016     4034820     2     0.001
 vks_274     613858     4036630     2     0.001
 vks_275     615454     4035160     2     0.001
 vks_276     614508     4035530     2     0.001
 vks_279     616333     4036270     2     0.001
 vks_280     615756     4035220     2     0.001
 vks_281     615763     4035450     2     0.001
 vks_283     616187     4035380     2     0.001
 vks_284     615699     4035030     2     0.001
 vks_285     615346     4035340     2     0.001
 vks_287     615844     4035940     2     0.001
 vks_288     615470     4035310     2     0.001
 vks_289     615655     4035410     2     0.001
 vks_292     615785     4036560     2     0.001
 vks_293     616710     4036980     2     0.001
 vks_297     612430     4037560     2     0.001
 vks_298     616676     4036370     2     0.001
 vks_299     612771     4033140     2     0.001
 vks_300     616090     4036490     2     0.001
 vks_301     613973     4033070     2     0.001
 vks_304     614385     4038480     2     0.001
 vks_305     614629     4038670     2     0.001
 vks_308     613376     4036540     2     0.001
 vks_310     614630     4038670     2     0.001
 vks_311     616310     4038810     2     0.001
 vks_312     616505     4035970     2     0.001
 vks_314     614587     4038170     2     0.001
 vks_315     615679     4037090     2     0.001
 vks_316     616359     4034840     2     0.001
 vks_317     615957     4034340     2     0.001
 vks_319     613164     4038870     2     0.001
 vks_320     616337     4036770     2     0.001
 vks_322     624848     4042750     2     0.001
 vks_326     614245     4038550     2     0.001
 vks_327     623499     4035070     2     0.001
 vks_328     625150     4036440     2     0.001
 vks_329     624751     4036750     2     0.001
 vks_331     625059     4036210     2     0.001
 vks_332     624451     4036640     2     0.001
 vks_333     624944     4036330     2     0.001
 vks_334     623167     4034710     2     0.001
 vks_335     624388     4034940     2     0.001
 vks_336     625724     4034290     2     0.001
 vks_337     625442     4035520     2     0.001
 vks_338     624552     4036840     2     0.001
 vks_339     624794     4036510     2     0.001
 vks_341     613957     4040710     2     0.001
 vks_343     612953     4041540     2     0.001
 vks_346     614845     4040620     2     0.001
 vks_349     614350     4039880     2     0.001
 vks_350     613495     4040170     2     0.001
 vks_351     613574     4041230     2     0.001
 vks_353     613580     4039820     2     0.001
 vks_354     612489     4042150     2     0.001
 vks_356     614149     4039120     2     0.001
 vks_357     613361     4039320     2     0.001
 vks_359     614521     4039390     2     0.001
 vks_360     614263     4038920     2     0.001
 vks_361     612371     4040700     2     0.001
 vks_362     615301     4038980     2     0.001
 vks_363     614676     4038890     2     0.001
 vks_364     614567     4038960     2     0.001
 vks_365     614757     4039130     2     0.001
 vks_367     614369     4038740     2     0.001
 vks_368     614562     4038800     2     0.001
 vks_369     614436     4038870     2     0.001
 vks_371     612890     4039370     2     0.001
 vks_373     612516     4039290     2     0.001
 vks_375     612609     4039600     2     0.001
 vks_385     610910     4039790     2     0.001
 vks_386     610797     4038760     2     0.001
 vks_391     611645     4042990     2     0.001
 vks_393     608487     4040890     2     0.001
 vks_395     608853     4041580     2     0.001
 vks_400     608749     4042240     2     0.001
 vks_405     608329     4041410     2     0.001
 vks_408     611966     4041070     2     0.001
 vks_413     609206     4043430     2     0.001
 vks_414     608985     4042450     2     0.001
 vks_415     610065     4042360     2     0.001
 vks_416     610456     4042860     2     0.001
 vks_418     612787     4039970     2     0.001
 vks_427     610491     4041790     2     0.001
 vks_431     612748     4041230     2     0.001
 vks_437     609017     4042100     2     0.001
 vks_439     611536     4039070     2     0.001
 vks_440     610973     4041860     2     0.001
 vks_441     611043     4044130     2     0.001
 vks_443     610659     4042370     2     0.001
 vks_449     609515     4043020     2     0.001
 vks_451     605761     4041970     2     0.001
 vks_452     605660     4042390     2     0.001
 vks_453     606345     4043620     2     0.001
 vks_454     607457     4043740     2     0.001
 vks_457     607594     4043180     2     0.001
 vks_465     606640     4041850     2     0.001
 vks_467     607540     4041780     2     0.001
 vks_469     606940     4041510     2     0.001
 vks_470     607703     4041190     2     0.001
 vks_473     606114     4039410     2     0.001
 vks_474     606133     4040500     2     0.001
 vks_476     605948     4040810     2     0.001
 vks_477     603921     4040680     2     0.001
 vks_478     604351     4040940     2     0.001
 vks_479     605000     4039700     2     0.001
 vks_480     604932     4040690     2     0.001
 vks_481     604747     4041350     2     0.001
 vks_482     604704     4041650     2     0.001
 vks_487     608435     4043260     2     0.001
 vks_489     605735     4041390     2     0.001
 vks_491     604378     4041420     2     0.001
 vks_492     604180     4042370     2     0.001
 vks_494     607363     4042870     2     0.001
 vks_499     600725     4042460     2     0.001
 vks_501     601991     4042760     2     0.001
 vks_503     604280     4041710     2     0.001
 vks_505     603448     4042410     2     0.001
 vks_507     603160     4042780     2     0.001
 vks_508     602996     4042490     2     0.001
 vks_509     603857     4042240     2     0.001
 vks_514     600026     4043960     2     0.001
 vks_516     599470     4045190     2     0.001
 vks_520     596121     4044920     2     0.001
 vks_525     598267     4043230     2     0.001
 vks_527     598953     4044950     2     0.001
 vks_528     599221     4045320     2     0.001
 vks_532     599274     4043240     2     0.001
 vks_533     599529     4043170     2     0.001
 vks_534     598842     4043670     2     0.001
 vks_535     599559     4043560     2     0.001
 vks_536     599640     4043260     2     0.001
 vks_537     599820     4043780     2     0.001
 vks_539     599743     4043630     2     0.001
 vks_540     599003     4045650     2     0.001
 vks_541     599242     4046550     2     0.001
 vks_542     603061     4047330     2     0.001
 vks_544     600749     4045510     2     0.001
 vks_545     600116     4043050     2     0.001
 vks_546     599872     4043000     2     0.001
 vks_547     599847     4043110     2     0.001
 vks_548     599906     4043240     2     0.001
 vks_549     600198     4044870     2     0.001
 vks_553     600033     4043290     2     0.001
 vks_559     597046     4046430     2     0.001
 vks_560     597337     4045900     2     0.001
 vks_561     598506     4046590     2     0.001
 vks_562     598748     4046450     2     0.001
 vks_563     599025     4046770     2     0.001
 vks_564     598451     4046910     2     0.001
 vks_567     598012     4047080     2     0.001
 vks_569     598164     4046760     2     0.001
 vks_570     598394     4046260     2     0.001
 vks_571     598673     4046930     2     0.001
 vks_573     597603     4044930     2     0.001
 vks_574     598144     4046420     2     0.001
 vks_575     600229     4043620     2     0.001
 vks_583     600749     4045490     2     0.001
 vks_585     600848     4043610     2     0.001
 vks_586     600744     4043660     2     0.001
 vks_589     600931     4044660     2     0.001
 vks_596     603591     4043870     2     0.001
 vks_601     603555     4044270     2     0.001
 vks_602     602533     4044090     2     0.001
 vks_603     601625     4047110     2     0.001
 vks_606     604046     4042680     2     0.001
 vks_608     603953     4042850     2     0.001
 vks_614     600991     4042950     2     0.001
 vks_615     600243     4042940     2     0.001
 vks_616     600315     4042620     2     0.001
 vks_618     600378     4043530     2     0.001
 vks_619     600774     4043030     2     0.001
 vks_620     600756     4043150     2     0.001
 vks_621     600854     4043190     2     0.001
 vks_622     600964     4043240     2     0.001
 vks_623     600553     4043030     2     0.001
 vks_624     600667     4043610     2     0.001
 vks_625     600693     4043430     2     0.001
 vks_626     600777     4043260     2     0.001
 vks_629     604429     4045670     2     0.001
 vks_633     600953     4043070     2     0.001
 vks_634     599984     4042790     2     0.001
 vks_635     600344     4043030     2     0.001
 vks_636     600437     4043030     2     0.001
 vks_639     600494     4043190     2     0.001
 vks_640     600736     4042850     2     0.001
 vks_641     600301     4042850     2     0.001
 vks_642     600859     4042760     2     0.001
 vks_643     601560     4043130     2     0.001
 vks_649     600466     4042910     2     0.001
 vks_654     607006     4044270     2     0.001
 vks_655     605281     4044140     2     0.001
 vks_660     607464     4044270     2     0.001
 vks_662     605014     4041850     2     0.001
 vks_664     604836     4042360     2     0.001
 vks_669     610632     4042050     2     0.001
 vks_670     608529     4045890     2     0.001
 vks_671     606822     4043330     2     0.001
 vks_672     608570     4044070     2     0.001
 vks_673     610715     4043950     2     0.001
 vks_674     610440     4043260     2     0.001
 vks_676     610645     4043610     2     0.001
 vks_677     611220     4043780     2     0.001
 vks_679     610587     4044450     2     0.001
 vks_680     610665     4044150     2     0.001
 vks_681     610234     4043780     2     0.001
 vks_682     609780     4045620     2     0.001
 vks_683     610460     4044140     2     0.001
 vks_685     608893     4045040     2     0.001
 vks_686     609402     4045150     2     0.001
 vks_687     609904     4043900     2     0.001
 vks_688     609964     4043490     2     0.001
 vks_690     609468     4044120     2     0.001
 vks_691     611037     4044460     2     0.001
 vks_693     611341     4044170     2     0.001
 vks_694     598952     4047260     2     0.001
 vks_695     598622     4047210     2     0.001
 vks_696     597843     4047650     2     0.001
 vks_697     599234     4047150     2     0.001
 vks_698     599806     4046970     2     0.001
