FID,NAME,PERMIT,LOG_NO,DRLDATE,DEPTH,HYPERLINK,POINT_X,POINT_Y,ZoneId,ZoneIDtxt,ROFF,COFF,Layer
0,Sweeney, ,723415,3/23/00, , ,611610.559030000000000,4040712.684179999900000,100544.0000000,100544,0.3731580,0.394409700000000,3.000000000000000
1,WombleABD, ,75006,8/31/71, , ,608151.172234000060000,4042134.580130000100000,102079.0000000,102079,0.1541990,-0.011722340000600,2.000000000000000
2,Druid Hills # 1, , , , , ,599812.981827000040000,4044736.595710000000000,100861.0000000,100861,0.1340430,0.370181730000000,3.000000000000000
3,State Parks Highway, ,101196,7/1/67, , ,597169.579993000020000,4043783.781340000200000,101096.0000000,101096,-0.3378130,-0.195799930000000,2.000000000000000
4,Coast Ranch, ,544575,4/23/1996, , ,597516.147526000040000,4043793.457330000100000,101095.0000000,101095,-0.4345730,0.338524740000000,2.000000000000000
5,Odello Sanitary, , , , , ,596996.313272999950000,4044190.000659999900000,102112.0000000,102112,-0.4000070,-0.463132729999000,2.000000000000000
6,Lagoon piezometer 1, , , , , ,596270.433559000030000,4044473.916819999900000,102113.0000000,102113,-0.2391680,-0.204335590000000,2.000000000000000
7,CalAmRussel2, , , , , ,615340.077762000030000,4035640.857280000100000,102436.0000000,102436,0.0914272,0.099222379999700,2.000000000000000
8,CalAmRussel4, , , , , ,615312.983204000050000,4035740.133520000100000,102437.0000000,102437,0.0986648,0.370167960000000,2.000000000000000
9,DE_LOS_HELECHOS, ,137402,5/15/87,28.3, ,613630.128717000010000,4037218.051800000000000,102179.0000000,102179,0.3194820,0.198712830000000,2.000000000000000
10,Robles1, , , , , ,613922.799146999950000,4037267.527809999900000,102434.0000000,102434,-0.1752780,0.272008530000000,2.000000000000000
11,Robles2, , , , , ,613917.029681000040000,4037266.901269999800000,102435.0000000,102435,-0.1690130,0.329703190000000,2.000000000000000
12,LITTLE_LEAGUE, , , ,50, ,612901.475913999950000,4037833.108430000000000,102177.0000000,102177,0.1689160,0.485240860000000,2.000000000000000
13,Panetta No. 1, , , , , ,612373.688516999940000,4038691.668080000200000,101317.0000000,101317,-0.4166810,-0.236885169999000,3.000000000000000
14,Panetta No. 2, , , , , ,612381.522160000050000,4038731.331470000100000,101318.0000000,101318,0.1866850,-0.315221600001000,3.000000000000000
15,Water West Garzas No. 3, ,87327,7/23/64, , ,611825.929419000050000,4039177.730779999900000,101319.0000000,101319,-0.2773080,0.240705809999000,2.000000000000000
16,Boronda Rd.,HZ-2214,e059277,8/3/07,32, ,612022.236003999950000,4039253.211149999900000,102170.0000000,102170,-0.0321115,0.277639960001000,2.000000000000000
17,Water West Garzas #4, ,99237,10/5/77, , ,611490.638990000010000,4039702.919379999900000,101320.0000000,101320,0.4708060,-0.406389900000000,2.000000000000000
18,Laureles 6, ,20254,6/8/77, , ,610630.298983999990000,4040950.945100000100000,101290.0000000,101290,-0.0094510,0.197010160000000,2.000000000000000
19,Laureles 5, , , , , ,610435.170843000060000,4041105.044850000200000,101291.0000000,101291,0.4495510,0.148291569999000,2.000000000000000
20,Rancho Fiesta 1, ,083931,3/15/80, , ,610645.152585000030000,4041602.100750000200000,102443.0000000,102443,0.4789920,0.048474149999700,3.000000000000000
21,CVR05, , , ,0, ,607118.140337000020000,4042009.648250000100000,102084.0000000,102084,0.4035180,0.318596630000000,2.000000000000000
22,Berwick #2, ,38094,6/7/61, , ,606549.034359000040000,4042278.434210000100000,102394.0000000,102394,-0.2843420,0.009656409999590,2.000000000000000
23,HERNSTADT, , , ,0, ,610329.901895000020000,4041233.498089999900000,100328.0000000,100328,0.1650190,0.200981050000000,2.000000000000000
24,Rancho Fiesta 2, ,88743,2/21/73, , ,610569.920996999950000,4041646.682490000000000,102444.0000000,102444,0.0331751,-0.199209970000000,3.000000000000000
25,CVR08, , , ,0, ,606999.605804000050000,4042195.516309999900000,102083.0000000,102083,-0.4551630,-0.496058040000000,2.000000000000000
26,CVR01, , , ,0, ,607890.910095000060000,4042175.873860000200000,102078.0000000,102078,-0.2587390,-0.409100950001000,2.000000000000000
27,Berwick 9 (2008),08-11296, , , , ,606316.017477000020000,4042251.611699999800000,102393.0000000,102393,-0.0161170,0.339825230000000,2.000000000000000
28,Berwick 8, ,164876,2/25/87, , ,606495.059060000000000,4042280.447590000000000,102397.0000000,102397,-0.3044760,-0.450590600000000,2.000000000000000
29,Berwick #7, , , , , ,606439.085171999990000,4042273.855479999900000,102396.0000000,102396,-0.2385550,0.109148280000000,2.000000000000000
30,Scarlett 8, ,192673,10/31/88, , ,607845.386722999970000,4042378.580459999900000,101293.0000000,101293,-0.2858050,0.046132770000300,2.000000000000000
31,Scarlett 7, ,20255,6/8/77, , ,607829.394700999950000,4042319.806440000000000,102439.0000000,102439,0.3019360,0.206052990000000,2.000000000000000
32,Scarlett 3, , , , , ,607859.604982999970000,4042339.555240000100000,100346.0000000,100346,0.1044480,-0.096049829999700,2.000000000000000
33,Scarlett 6, , , , , ,607849.885582000020000,4042384.499840000200000,100959.0000000,100959,-0.3449980,0.001144179999830,2.000000000000000
34,Scarlett 4, , , , , ,607812.501193000000000,4042360.423990000000000,102500.0000000,102500,-0.1042400,0.374988070000000,2.000000000000000
35,Scarlett 2 - COYOTE U.S., ,75004,7/30/71,0, ,607919.388267999980000,4042328.600180000100000,102077.0000000,102077,0.2139980,0.306117320000000,2.000000000000000
36,Scarlett 1, , , , , ,607912.969460000050000,4042379.802209999900000,102438.0000000,102438,-0.2980220,0.370305399999000,2.000000000000000
37,Begonia #2,W6024,344995,9/9/90,120,X:\Data\Documents\Well_reports\00189442.TIF,606036.579572999970000,4042534.544150000000000,102028.0000000,102028,0.1545580,0.134204270000000,2.000000000000000
38,Vetter Shop, ,517425,6/12/00, , ,602822.760585000040000,4042821.527139999900000,100546.0000000,100546,0.2847290,0.272394150000000,3.000000000000000
39,Manor 2, , , , , ,605130.915842000050000,4042853.922340000000000,102029.0000000,102029,-0.0392234,0.190841580000000,2.000000000000000
40,WILLIAMS_SOUTH, , , ,0, ,603237.000033000020000,4043053.000010000100000,102093.0000000,102093,-0.0300001,0.129999670000000,2.000000000000000
41,CENTER STREET, ,137407,5/29/81,56.1, ,606416.999989000030000,4042561.000020000200000,102080.0000000,102080,-0.1100000,0.330000110000000,2.000000000000000
42,REIMERS#1,W4964,99207,10/20/75,122, ,604973.000034000030000,4042749.000020000200000,102086.0000000,102086,0.0099998,-0.230000340000000,2.000000000000000
43,Reimers #2, ,114655,1965, , ,604955.063813999990000,4042886.277989999900000,100986.0000000,100986,-0.3627800,-0.050638139999900,2.000000000000000
44,Pearce,W3066,232108,11/24/81,160,X:\Data\Documents\Well_reports\00189332.TIF,603470.562812000050000,4043040.778479999900000,101300.0000000,101300,0.0922152,-0.205628120000000,2.000000000000000
45,Schulte96,WSAL 95-315,544568,1/10/1996, , ,604392.702942000000000,4043079.447519999900000,101299.0000000,101299,-0.2944750,-0.427029420000000,2.000000000000000
46,Cypress 2008,08-11293, , , , ,603011.632040999950000,4043105.447900000000000,101302.0000000,101302,0.4455210,0.383679590001000,2.000000000000000
47,CV_HIGH#1,W4968,290004,11/16/88,180, ,604895.000007999940000,4043101.000030000200000,102087.0000000,102087,0.4900000,-0.450000079999000,2.000000000000000
48,DeMariaJames, ,111022, 2/21/73, , ,605405.922443000020000,4043117.484840000000000,102051.0000000,102051,0.3251520,0.440775570000000,2.000000000000000
49,STPARKS_NRCAWD-DEEP, , ,3/10/1989,130, ,596920.087754999990000,4044222.556040000200000,102111.0000000,102111,0.2744400,0.299122450000000,2.000000000000000
50,Canada (2008),08-11295, , , , ,600057.017922000030000,4044285.244280000200000,101305.0000000,101305,-0.3524430,-0.070179220000300,2.000000000000000
51,rancho canada #1 12E, ,13334,4/29/69, , ,600022.040947000030000,4044215.757999999900000,102272.0000000,102272,0.3424200,0.279590530000000,2.000000000000000
52,RUBIN, , , ,0, ,600702.000041999970000,4044267.999960000200000,102100.0000000,102100,-0.1800000,0.479999580000000,2.000000000000000
53,Cal-Am San Carlos 1999,WSAL 98-264,706298,1/18/99,85,X:\Data\Documents\Well_reports\00189115.TIF,600957.708595999980000,4044286.991299999900000,101303.0000000,101303,-0.3699130,-0.077085959999800,2.000000000000000
54,Cal-Am San Carlos 1982,W3063,232109,1/15/1982, ,X:\Data\Documents\Well_reports\00189225.TIF,600928.232258999950000,4044250.261520000200000,102197.0000000,102197,-0.0026152,0.217677410000000,2.000000000000000
55,Well-E, , , ,0, ,601370.444297999960000,4044221.525779999800000,102096.0000000,102096,0.2847420,-0.204442980000000,2.000000000000000
56,Rancho Canada West, , ,9/15/1993,100, ,598795.140485999990000,4044412.820760000000000,102106.0000000,102106,0.3717920,-0.451404860000000,2.000000000000000
57,WILLIAMS NORTH, , , ,0, ,603113.592026000030000,4043638.300340000100000,102094.0000000,102094,0.1169970,0.364079740000000,2.000000000000000
58,VALLEYGREENS, ,137401,5/22/81,49.8, ,601101.627383999990000,4043789.180869999800000,102097.0000000,102097,-0.3918090,0.483726160000000,2.000000000000000
59,STPARKS-BEACH-E-D, , ,3/2/1989,85, ,595976.133662999960000,4044215.500020000200000,102119.0000000,102119,0.3450000,-0.261336630000000,2.000000000000000
60,CAWD-Rio North, ,723403,12/13/99,159, ,598174.892417000020000,4044225.191230000000000,102108.0000000,102108,0.2480880,-0.248924170000000,2.000000000000000
61,CAWD_dewater, , , ,0, ,596776.000047000010000,4044394.999969999800000,102110.0000000,102110,-0.4500000,-0.260000470000000,2.000000000000000
62,VIA MALLORCA, , , ,0, ,600218.632820999950000,4044393.288650000000000,102103.0000000,102103,-0.4328870,0.313671790001000,2.000000000000000
63,MPRP Eucalyptus, , , , , ,609664.141335999940000,4041357.379600000100000,102871.0000000,102871,0.0000000,0.000000000000000,2.000000000000000
64,Morse, , , , , ,610839.623846999950000,4040576.235880000100000,100295.0000000,100295,0.0000000,0.000000000000000,2.000000000000000
65,CV Dairy, , , , , ,601791.780929000000000,4043667.783309999900000,102451.0000000,102451,0.0000000,0.000000000000000,2.000000000000000
66,MFC19172, , , , , ,604449.999998999990000,4043250.000109999900000,0.0000000,MFC19172,0.0000000,0.000000000000000,2.000000000000000
67,MFC14253, , , , , ,599749.999998999990000,4044450.000109999900000,0.0000000,MFC14253,0.0000000,0.000000000000000,2.000000000000000
68,Lake, , , , , ,602370.214520000040000,4043608.821130000100000,0.0000000,102450,0.0000000,0.000000000000000,2.000000000000000
69,MFC15060, , , , , ,599249.999998999990000,4044250.000109999900000,0.0000000,MFC15060,0.0000000,0.000000000000000,2.000000000000000
70,MFC14237, , , , , ,598149.999998999990000,4044450.000109999900000,0.0000000,MFC14237,0.0000000,0.000000000000000,2.000000000000000
71,MFC15444, , , , , ,597049.999998999990000,4044150.000109999900000,0.0000000,MFC15444,0.0000000,0.000000000000000,2.000000000000000
72,MFC15480, , , , , ,601249.999998999990000,4044150.000109999900000,0.0000000,MFC15480,0.0000000,0.000000000000000,2.000000000000000
73,Odello East Inavtive, , , , , ,597538.862793999960000,4043767.258309999900000,102427.0000000,102427,0.0000000,0.000000000000000,2.000000000000000
74,MFC19165, , , , , ,603749.999998999990000,4043250.000109999900000,0.0000000,MFC19165,0.0000000,0.000000000000000,2.000000000000000
75,MFC18354, , , , , ,603849.999998999990000,4043450.000109999900000,0.0000000,MFC18354,0.0000000,0.000000000000000,2.000000000000000
76,MFC19989, , , , , ,604949.999998999990000,4043050.000109999900000,0.0000000,MFC19989,0.0000000,0.000000000000000,2.000000000000000
77,MFC19580, , , , , ,604649.999998999990000,4043150.000109999900000,0.0000000,MFC19580,0.0000000,0.000000000000000,2.000000000000000
78,MFC21206, , , , , ,604849.999998999990000,4042750.000109999900000,0.0000000,MFC21206,0.0000000,0.000000000000000,2.000000000000000
79,Dick Mon, , , , , ,605691.608157000040000,4042918.729979999800000,102484.0000000,102484,0.0000000,0.000000000000000,2.000000000000000
80,Farm Center, , , , , ,606852.262940000040000,4042420.213159999800000,102516.0000000,102516,0.0000000,0.000000000000000,2.000000000000000
81,CVR Riley, , , , , ,607752.000019000030000,4042252.000080000100000,101112.0000000,101112,0.0000000,0.000000000000000,2.000000000000000
82,Garland Park Cooper, , , , , ,610098.389621000040000,4040836.702870000200000,100311.0000000,100311,0.0000000,0.000000000000000,2.000000000000000