POINT_X,POINT_Y,Observed,Simulated,abslute value of Obs-Sim,WELL_ID
610329.9019,4041233.498,5.14E+01,4.92E+01,2.18E+00,100328
611610.559,4040712.684,1.06E+02,8.98E+01,1.58E+01,100544
599812.9818,4044736.596,1.44E+01,1.36E+01,7.55E-01,100861
607849.8856,4042384.5,3.25E+01,3.81E+01,5.54E+00,100959
604955.0638,4042886.278,2.16E+01,2.01E+01,1.53E+00,100986
597516.1475,4043793.457,1.79E+00,4.91E+00,3.12E+00,101095
597169.58,4043783.781,4.00E+00,4.16E+00,1.57E-01,101096
607752,4042252,3.57E+01,3.79E+01,2.23E+00,101112
610630.299,4040950.945,5.00E+01,5.07E+01,7.33E-01,101290
610435.1708,4041105.045,4.69E+01,5.10E+01,4.16E+00,101291
607845.3867,4042378.58,3.42E+01,3.81E+01,3.87E+00,101293
604392.7029,4043079.448,1.69E+01,1.84E+01,1.50E+00,101299
603470.5628,4043040.778,1.78E+01,1.28E+01,5.01E+00,101300
603011.632,4043105.448,1.63E+01,1.85E+01,2.16E+00,101302
600957.7086,4044286.991,8.59E+00,9.55E+00,9.56E-01,101303
600057.0179,4044285.244,6.25E+00,-5.68E+00,1.19E+01,101305
612373.6885,4038691.668,6.56E+01,5.28E+01,1.28E+01,101317
612381.5222,4038731.331,6.31E+01,5.58E+01,7.35E+00,101318
611490.639,4039702.919,5.78E+01,4.78E+01,1.00E+01,101320
606036.5796,4042534.544,2.35E+01,2.66E+01,3.10E+00,102028
605130.9158,4042853.922,2.13E+01,2.75E+01,6.16E+00,102029
605405.9224,4043117.485,2.84E+01,2.55E+01,2.88E+00,102051
607919.3883,4042328.6,3.62E+01,3.87E+01,2.56E+00,102077
607890.9101,4042175.874,3.77E+01,3.80E+01,2.66E-01,102078
608151.1722,4042134.58,4.00E+01,3.93E+01,6.73E-01,102079
606417,4042561,2.85E+01,3.01E+01,1.59E+00,102080
606999.6058,4042195.516,3.29E+01,3.41E+01,1.21E+00,102083
607118.1403,4042009.648,3.68E+01,3.88E+01,2.02E+00,102084
604973,4042749,2.13E+01,2.16E+01,3.19E-01,102086
604895,4043101,2.37E+01,2.23E+01,1.39E+00,102087
603237,4043053,1.24E+01,1.56E+01,3.20E+00,102093
603113.592,4043638.3,1.78E+01,1.95E+01,1.76E+00,102094
601370.4443,4044221.526,1.13E+01,1.39E+01,2.59E+00,102096
601101.6274,4043789.181,1.40E+01,1.53E+01,1.28E+00,102097
600702,4044268,1.11E+01,1.62E+01,5.07E+00,102100
600218.6328,4044393.289,8.38E+00,6.00E+00,2.38E+00,102103
598795.1405,4044412.821,8.28E+00,9.12E+00,8.39E-01,102106
598174.8924,4044225.191,6.35E+00,6.89E+00,5.38E-01,102108
596776,4044395,8.44E-01,2.94E+00,2.09E+00,102110
596920.0878,4044222.556,1.55E+00,3.18E+00,1.63E+00,102111
596996.3133,4044190.001,2.43E+00,3.08E+00,6.57E-01,102112
596270.4336,4044473.917,4.14E+00,3.85E+00,2.96E-01,102113
612022.236,4039253.211,6.52E+01,6.69E+01,1.70E+00,102170
612901.4759,4037833.108,8.27E+01,8.10E+01,1.63E+00,102177
613630.1287,4037218.052,8.24E+01,8.54E+01,3.01E+00,102179
600928.2323,4044250.262,1.08E+01,9.94E+00,8.95E-01,102197
600022.0409,4044215.758,4.20E+00,-3.66E+00,7.86E+00,102272
4042251.612,102393,2.75E+01,2.88E+01,1.29E+00,102393
606439.0852,4042273.855,2.64E+01,2.80E+01,1.60E+00,102396
606495.0591,4042280.448,2.73E+01,2.83E+01,9.64E-01,102397
597538.8628,4043767.258,3.77E+00,4.87E+00,1.10E+00,102427
613922.7991,4037267.528,8.15E+01,8.57E+01,4.25E+00,102434
615340.0778,4035640.857,1.00E+02,9.60E+01,4.43E+00,102436
615312.9832,4035740.134,9.99E+01,9.23E+01,7.57E+00,102437
607912.9695,4042379.802,3.63E+01,3.88E+01,2.58E+00,102438
607829.3947,4042319.806,3.36E+01,3.82E+01,4.58E+00,102439
610645.1526,4041602.101,4.25E+01,6.33E+01,2.07E+01,102443
610569.921,4041646.682,8.17E+01,6.22E+01,1.95E+01,102444
605691.6082,4042918.73,2.66E+01,2.69E+01,2.65E-01,102484
598150,4044450,7.66E+00,8.31E+00,6.54E-01,MFC14237
599750,4044450,1.05E+01,5.55E+00,4.99E+00,MFC14253
599250,4044250,6.05E+00,9.42E+00,3.36E+00,MFC15060
597050,4044150,2.19E+00,3.36E+00,1.17E+00,MFC15444
601250,4044150,1.07E+01,1.42E+01,3.45E+00,MFC15480
603850,4043450,2.01E+01,1.94E+01,7.17E-01,MFC18354
603750,4043250,1.77E+01,1.53E+01,2.38E+00,MFC19165
604450,4043250,1.96E+01,2.14E+01,1.80E+00,MFC19172
604650,4043150,2.40E+01,2.24E+01,1.62E+00,MFC19580
604950,4043050,2.37E+01,2.14E+01,2.34E+00,MFC19989
604850,4042750,2.57E+01,2.32E+01,2.49E+00,MFC21206
614661,4038810,3.10E+02,2.58E+02,5.28E+01,ObsWel_46
616439,4036870,2.74E+02,2.62E+02,1.24E+01,ObsWel_48
611012,4044060,2.63E+02,2.39E+02,2.44E+01,ObsWel_55
614749,4039340,2.80E+02,2.60E+02,1.96E+01,ObsWel_70
612169,4041630,3.10E+02,2.98E+02,1.16E+01,ObsWel_105
610404,4043120,2.62E+02,2.57E+02,5.33E+00,ObsWel_186
612527,4033290,5.86E+02,5.78E+02,7.64E+00,ObsWel_215
609149,4044910,2.80E+02,2.55E+02,2.54E+01,ObsWel_226
610883,4043680,2.94E+02,2.78E+02,1.56E+01,ObsWel_267
612941,4041740,4.22E+02,4.07E+02,1.50E+01,ObsWel_272
620199,4023400,4.57E+02,4.36E+02,2.05E+01,ObsWel_317
622475,4018180,9.50E+02,9.15E+02,3.51E+01,ObsWel_318
635384,4028760,1.24E+03,1.26E+03,1.57E+01,ObsWel_319
634463,4030270,1.21E+03,1.20E+03,1.20E+01,ObsWel_320
635269,4028800,1.29E+03,1.26E+03,2.72E+01,ObsWel_321
625159,4036500,7.19E+02,7.10E+02,9.59E+00,ObsWel_322
620640,4034240,2.56E+02,2.53E+02,2.32E+00,ObsWel_324
613721,4033230,5.85E+02,5.63E+02,2.18E+01,ObsWel_325
617559,4033210,5.08E+02,4.95E+02,1.36E+01,ObsWel_326
633947,4025650,8.02E+02,7.91E+02,1.05E+01,ObsWel_327
629063,4022380,9.94E+02,9.79E+02,1.55E+01,ObsWel_328
629406,4021280,1.11E+03,1.09E+03,1.33E+01,ObsWel_329
629445,4020850,1.14E+03,1.13E+03,1.53E+01,ObsWel_330
613888,4040060,3.30E+02,3.31E+02,1.33E+00,ObsWel_332
622330,4027230,4.00E+02,3.94E+02,5.70E+00,ObsWel_333
613789,4040450,3.82E+02,3.85E+02,2.37E+00,ObsWel_334
614975,4039920,4.69E+02,4.58E+02,1.13E+01,ObsWel_335
614845,4039840,4.24E+02,4.32E+02,7.95E+00,ObsWel_336
614666,4040270,5.11E+02,4.93E+02,1.82E+01,ObsWel_337
611902,4041990,3.00E+02,3.00E+02,2.43E-01,ObsWel_338
612795,4041460,4.45E+02,4.20E+02,2.52E+01,ObsWel_339
624374,4036500,7.08E+02,7.26E+02,1.82E+01,ObsWel_342
625034,4036330,7.17E+02,7.14E+02,2.52E+00,ObsWel_343
624955,4034760,5.77E+02,5.83E+02,5.55E+00,ObsWel_344
623794,4034920,4.46E+02,4.30E+02,1.54E+01,ObsWel_345
624788,4034500,5.98E+02,5.52E+02,4.52E+01,ObsWel_346
625634,4033910,6.96E+02,6.68E+02,2.84E+01,ObsWel_347
625947,4033970,6.22E+02,6.15E+02,6.83E+00,ObsWel_348
625746,4034670,7.55E+02,7.47E+02,8.10E+00,ObsWel_349
605684,4040180,2.62E+02,2.43E+02,1.86E+01,ObsWel_359
607868,4039140,4.67E+02,4.89E+02,2.19E+01,ObsWel_361
608286,4038520,5.77E+02,5.73E+02,4.38E+00,ObsWel_362
606558,4035630,4.42E+02,4.31E+02,1.04E+01,ObsWel_365
606776,4035450,4.18E+02,4.19E+02,1.51E+00,ObsWel_366
608942,4032080,4.63E+02,4.75E+02,1.27E+01,ObsWel_367
609269,4033350,4.40E+02,4.46E+02,5.60E+00,ObsWel_368
610579,4033990,5.35E+02,5.18E+02,1.76E+01,ObsWel_369
611744,4034460,4.01E+02,3.95E+02,6.39E+00,ObsWel_370
607122,4037390,3.85E+02,3.69E+02,1.62E+01,ObsWel_372
622257,4031980,4.32E+02,4.27E+02,4.72E+00,ObsWel_408
621111,4032450,3.48E+02,3.40E+02,7.28E+00,ObsWel_409
619909,4033080,3.17E+02,3.09E+02,8.45E+00,ObsWel_410
619889,4033410,2.72E+02,2.73E+02,2.72E-01,ObsWel_411
621768,4033430,2.76E+02,2.76E+02,2.50E-01,ObsWel_412
621882,4033410,2.76E+02,2.77E+02,1.44E+00,ObsWel_413
622060,4033360,2.85E+02,2.82E+02,3.06E+00,ObsWel_414
621885,4033330,2.79E+02,2.81E+02,1.88E+00,ObsWel_415
622149,4033450,2.79E+02,2.82E+02,2.58E+00,ObsWel_416
621525,4033580,2.75E+02,2.74E+02,1.06E+00,ObsWel_417
622277,4033470,2.82E+02,2.84E+02,2.24E+00,ObsWel_418
622231,4033320,2.84E+02,2.85E+02,1.52E+00,ObsWel_419
622426,4033240,2.88E+02,2.89E+02,6.23E-01,ObsWel_420
622451,4033350,2.86E+02,2.88E+02,1.89E+00,ObsWel_421
622875,4033320,2.93E+02,2.95E+02,2.58E+00,ObsWel_422
622604,4033260,2.91E+02,2.91E+02,2.89E-01,ObsWel_423
622681,4033240,2.89E+02,2.92E+02,2.55E+00,ObsWel_424
622726,4033090,2.96E+02,2.94E+02,2.05E+00,ObsWel_425
622813,4033040,3.01E+02,2.97E+02,4.02E+00,ObsWel_426
622798,4033160,2.88E+02,2.94E+02,5.73E+00,ObsWel_427
622875,4032940,2.99E+02,3.01E+02,1.69E+00,ObsWel_428
622745,4032900,2.97E+02,2.99E+02,2.64E+00,ObsWel_429
622985,4032780,3.04E+02,3.04E+02,7.77E-01,ObsWel_430
621406,4033490,2.80E+02,2.79E+02,1.47E+00,ObsWel_431
623352,4033360,3.08E+02,3.06E+02,2.62E+00,ObsWel_432
623239,4033900,3.03E+02,3.10E+02,6.82E+00,ObsWel_433
623525,4032020,3.24E+02,3.24E+02,4.73E-01,ObsWel_434
623612,4032020,3.21E+02,3.25E+02,3.62E+00,ObsWel_435
623238,4032620,3.05E+02,3.10E+02,4.28E+00,ObsWel_436
624233,4032070,3.86E+02,3.77E+02,9.16E+00,ObsWel_437
624747,4032890,3.59E+02,3.69E+02,1.08E+01,ObsWel_438
624817,4032940,3.69E+02,3.71E+02,2.02E+00,ObsWel_439
624221,4034020,3.89E+02,3.84E+02,5.55E+00,ObsWel_440
623285,4034080,3.30E+02,3.22E+02,8.01E+00,ObsWel_441
624531,4036660,7.91E+02,7.78E+02,1.23E+01,ObsWel_442
624608,4036750,7.99E+02,7.91E+02,8.12E+00,ObsWel_443
623288,4034970,3.66E+02,3.59E+02,6.93E+00,ObsWel_444
620199,4034840,2.76E+02,2.71E+02,4.62E+00,ObsWel_445
621288,4033960,2.60E+02,2.67E+02,7.35E+00,ObsWel_446
621605,4033830,2.81E+02,2.73E+02,7.51E+00,ObsWel_447
621720,4033600,2.67E+02,2.74E+02,7.01E+00,ObsWel_448
621730,4033660,2.69E+02,2.74E+02,4.53E+00,ObsWel_449
621881,4033160,3.03E+02,2.97E+02,5.22E+00,ObsWel_450
622573,4031730,4.41E+02,4.36E+02,4.89E+00,ObsWel_451
623933,4031730,3.28E+02,3.32E+02,3.90E+00,ObsWel_452
624225,4031590,3.34E+02,3.37E+02,3.16E+00,ObsWel_453
624532,4031360,3.34E+02,3.39E+02,4.72E+00,ObsWel_454
624786,4031220,3.37E+02,3.43E+02,5.51E+00,ObsWel_455
621440,4032290,4.30E+02,4.19E+02,1.10E+01,ObsWel_456
621854,4031940,4.44E+02,4.52E+02,7.98E+00,ObsWel_457
621936,4031890,4.80E+02,4.52E+02,2.78E+01,ObsWel_458
626152,4034950,8.56E+02,8.49E+02,6.89E+00,ObsWel_459
626521,4033920,5.66E+02,5.68E+02,1.81E+00,ObsWel_460
625316,4033150,3.88E+02,3.85E+02,2.74E+00,ObsWel_461
625496,4033270,3.89E+02,3.88E+02,1.04E+00,ObsWel_462