    ppt1     ppt2         dist
       1      238      3616.88
       1       44      4709.62
       1      242      5162.51
       1       47      5463.85
       2       49       936.25
       2        3      1655.29
       2       48      1840.68
       2       43      2363.26
       3       48       733.55
       3       49       745.23
       3       43      1035.07
       3       46      1777.36
       4      109      1023.44
       4      116      2586.42
       4       37      2591.36
       4       38      3840.63
       5      169       611.84
       5      173       731.32
       5      171       797.57
       5      223       803.14
       6      230       821.42
       6      171       870.10
       6      229       915.13
       6        7      1072.80
       7       64      1224.56
       7      323      1323.16
       7      231      1473.24
       7        8      1514.86
       8       64       780.11
       8      231      1475.77
       8      317      1596.44
       8      316      1664.12
       9      323      1984.60
       9      293      2154.34
       9      298      2239.27
       9      173      2273.29
      10       80      1425.85
      10       11      2041.20
      10       12      3547.34
      10      321      3614.06
      11       12      1691.49
      11      340      2047.50
      11       79      2438.89
      11      178      2520.03
      12      170      1249.89
      12      178      1395.55
      12      200      1576.47
      12      166      1582.44
      13      696       233.42
      13       14       406.10
      13      567       428.38
      13      566       650.87
      14      567       299.67
      14       15       419.76
      14      696       444.10
      14      695       478.98
      15      695       225.83
      15      694       417.21
      15      571       510.30
      15      564       533.67
      16      384       408.09
      16      411       518.87
      16       17       534.40
      16      385       597.56
      17      383       485.31
      17      394       490.62
      17      411       547.37
      17      442       582.91
      18      498       958.80
      18      638       974.26
      18       19      1423.59
      18      500      1542.63
      19       20       611.74
      19      508       785.13
      19      501       988.32
      19      505      1095.90
      20      508       626.94
      20      505       648.45
      20      504       782.38
      20      490       817.52
      21      497      1251.44
      21      477      1725.12
      21      472      1731.25
      21      498      1794.61
      22       36      3228.89
      22      238      3394.28
      22       24      3933.15
      22       29      5126.57
      23       66      2543.15
      23      236      3352.71
      23       36      3471.31
      23      239      3532.76
      24       36      2607.68
      24      241      3269.27
      24      299      3388.46
      24      233      3710.53
      25      234       969.56
      25      308      1374.84
      25      235      1593.40
      25       75      1713.71
      26      285       279.55
      26      286       384.42
      26      288       405.91
      26      278       453.79
      27       28      1355.87
      27      301      1948.92
      27      317      2624.49
      27       29      2719.66
      28      317      1285.78
      28      301      1578.79
      28      270      1761.35
      28      271      1762.45
      29      111      2637.44
      29       54      2656.52
      29      144      3099.92
      29       51      3112.74
      30       35       150.56
      30       34       177.43
      30      205       262.79
      30      227       268.40
      31      154       229.39
      31      153       416.76
      31       33       487.12
      31      156       505.59
      32      160       216.89
      32      161       244.46
      32      159       244.57
      32      226       314.50
      33       34       209.33
      33      209       230.43
      33      205       295.11
      33      210       297.20
      34      205       113.51
      34       35       122.41
      34      208       195.18
      34      206       230.70
      35      208       130.75
      35      205       137.24
      35      206       260.77
      35      204       270.56
      36      241      5026.42
      36       66      5122.62
      36      236      5849.37
      36      233      5879.46
      37       56      2023.74
      37      116      2599.25
      37       38      2763.66
      37      109      2931.90
      38       57       406.60
      38      116      1478.45
      38       56      1638.54
      38      109      3327.39
      39       45      1516.65
      39       47      2701.85
      39       44      4137.95
      39       40      4674.50
      40       44      4006.21
      40       42      4199.78
      40       45      4417.43
      40      242      4449.03
      41       52      1198.51
      41       54      2722.43
      41       53      2823.73
      41      242      2891.02
      42       52      2436.38
      42      123      2718.81
      42      115      3270.03
      42       53      3384.71
      43       48       525.24
      43       46       748.97
      43       49      1466.14
      43      109      6278.32
      44       47      2704.74
      44       45      2726.85
      44      242      2950.25
      44      238      5866.98
      45       47      1430.81
      45      242      5567.36
      45       48      7637.02
      45       46      7680.01
      46       48      1149.62
      46       49      2103.90
      46      109      6352.83
      46       50      6982.41
      47      242      5641.39
      47      238      7851.46
      47       48      9066.43
      47       49      9314.71
      48       49       962.74
      48       50      5832.84
      48      109      5859.92
      48      116      7719.32
      49       50      4886.68
      49      109      5431.78
      49      116      7224.75
      49       59      7566.56
      50      123      3182.74
      50       59      3867.21
      50      194      4556.64
      50      114      4795.61
      51      152       303.59
      51       53       337.02
      51      144       515.20
      51       54       526.85
      52       53      1747.62
      52       54      1901.31
      52      152      2074.08
      52      144      2420.62
      53      152       331.65
      53      144       714.09
      53       54       805.55
      53      141      1774.50
      54      152       820.27
      54      144       860.40
      54      112      2101.08
      54      111      2158.03
      55      110       505.89
      55      196       581.86
      55      197       681.12
      55      143       709.05
      56       57      1734.93
      56      116      2623.16
      56       60      3950.71
      56      109      4030.74
      57      116      1837.74
      57      109      3711.87
      57       60      5368.96
      57       59      5942.32
      58      122      1767.89
      58       62      2012.60
      58      134      2414.52
      58      132      2632.54
      59      118      3692.37
      59       60      4108.72
      59      125      4334.13
      59      194      4567.57
      60      122      5184.24
      60      125      5738.25
      60       62      5866.00
      60      118      6030.67
      61      121       223.61
      61      182       243.26
      61      120       527.75
      61      126       587.19
      62      131       637.31
      62      134       643.46
      62      336      1091.22
      62      122      1122.24
      63       81      3842.92
      63       84      4118.51
      63      322      4160.86
      63      330      4285.05
      64      231       703.09
      64      230      1615.98
      64      199      1802.01
      64      198      1876.41
      65      243      1703.47
      65      247      1841.11
      65      232      1950.95
      65       70      1969.10
      66      236       816.27
      66      240      1417.22
      66      241      1685.76
      66      239      2037.64
      67      239      2454.66
      67       68      2808.66
      67      243      3307.66
      67      247      3881.48
      68      243       648.00
      68      247      1078.07
      68      244      1945.81
      68      239      2314.82
      69      297      1535.86
      69      237      1834.52
      69      250      1875.39
      69      235      1950.37
      70      249      1110.09
      70      246      1491.01
      70       71      1504.95
      70      237      1534.73
      71      249       579.39
      71      392       904.31
      71      246       952.86
      71      471      1395.17
      72      386       857.89
      72      385      1105.61
      72      379      1178.95
      72      384      1298.96
      73      439       560.03
      73      250       610.76
      73      386       774.46
      73      372       819.27
      74       78       441.08
      74       76       631.96
      74      277       696.01
      74       75       715.29
      75      276       372.20
      75       76       710.28
      75      274       906.22
      75      278      1070.46
      76      274       431.48
      76       77       436.61
      76      255       609.53
      76      302       839.87
      77      302       412.69
      77      303       566.04
      77      255       607.74
      77      274       679.12
      78      292       529.53
      78      277       608.28
      78      315       753.85
      78      287       778.23
      79      327       821.01
      79       82       850.41
      79      139       864.52
      79      178       895.06
      80       81      3674.05
      80      321      4070.67
      80      311      4514.49
      80      340      4638.88
      81      338      2314.87
      81      340      2338.03
      81      329      2452.04
      81      332      2492.31
      82      332       303.08
      82      339       482.89
      82      338       526.77
      82      329       570.22
      83      330       469.54
      83      337       537.27
      83      331       872.30
      83      328       915.24
      84      328       220.43
      84      333       420.63
      84      339       445.57
      84      331       467.51
      85       86       476.32
      85      349       482.03
      85      348       499.92
      85      346       552.45
      86      349        10.20
      86      348       311.60
      86       87       476.94
      86      359       527.79
      87      341       449.40
      87      349       486.08
      87      346       675.32
      87      350       752.84
      88      470       760.87
      88      471       771.29
      88      461       916.47
      88      468      1005.12
      89      474       486.55
      89      476       715.94
      89      473       736.66
      89      468       870.68
      90      554       315.75
      90      557       348.37
      90       95       410.95
      90      512       427.69
      91      511       586.81
      91      521       718.51
      91      531       728.27
      91      524       745.56
      92      573       401.40
      92      560       604.68
      92      565       728.89
      92      558       844.64
      93       94       301.92
      93      554       388.60
      93      523       402.20
      93       95       426.50
      94      523       117.75
      94       95       127.26
      94      554       163.31
      94      555       192.51
      95      523       106.00
      95      555       124.20
      95      557       134.54
      95      554       140.72
      96      101       301.39
      96      602       477.04
      96       98       546.00
      96       97       571.40
      97       98       316.95
      97      643       341.32
      97      584       400.12
      97      577       690.91
      98      577       431.42
      98      584       448.95
      98      576       505.45
      98       99       536.00
      99      581       433.45
      99      576       455.11
      99      100       517.72
      99      577       573.69
     100      581       407.19
     100      580       541.23
     100      576       598.66
     100      589       618.30
     101      610       320.51
     101      598       416.12
     101      600       555.99
     101      602       589.79
     102      105       489.10
     102      660       616.70
     102      659       662.19
     102      654       959.56
     103      654       284.23
     103      660       370.92
     103      454       413.11
     103      105       757.74
     104      105       983.98
     104      630      1256.83
     104      654      1303.81
     104      660      1476.45
     105      660       525.82
     105      654       607.45
     105      659      1043.60
     105      454      1047.02
     106      679       627.93
     106      108       684.05
     106      107       726.50
     106      678       824.00
     107      683       232.73
     107      679       269.47
     107      689       300.33
     107      675       316.95
     108      675       621.26
     108      690       672.27
     108      679       704.39
     108      686       724.17
     109      116      1899.92
     109      118      9699.88
     109      123      9747.85
     109      194     10190.40
     110      113       609.64
     110      143       625.70
     110      158       666.13
     110      142       710.07
     111      158      1361.30
     111      198      1537.34
     111      112      1537.83
     111      144      1704.81
     112      141       876.45
     112      158      1182.66
     112      144      1247.53
     112      113      1410.35
     113      202       266.40
     113      140       426.77
     113      142       429.45
     113      153       608.21
     114      146       515.50
     114      145       721.88
     114      194       744.10
     114      180       821.66
     115      141      1082.31
     115      149      1830.05
     115      123      2033.81
     115      152      2130.48
     116      118      9651.57
     116      125     10204.80
     116      122     10254.45
     116      194     10404.67
     117      181       263.18
     117      126       312.03
     117      130       502.59
     117      129       576.85
     118      125      1257.38
     118      124      1284.01
     118      180      1458.79
     118      194      1515.58
     119      127       272.62
     119      121       451.64
     119      120       560.74
     119      126       678.07
     120      137       399.37
     120      121       414.39
     120      132       561.70
     120      336       685.42
     121      182       377.33
     121      126       553.34
     121      127       616.55
     121      137       779.95
     122      132       922.66
     122      134       983.57
     122      125      1034.03
     122      137      1338.83
     123      194      2722.59
     123      146      2934.93
     123      180      3082.04
     123      149      3082.25
     124      180       639.02
     124      148       644.44
     124      181       813.09
     124      146       885.38
     125      132       832.70
     125      137      1169.13
     125      182      1198.21
     125      134      1362.03
     126      181       306.76
     126      182       421.05
     126      130       575.66
     126      127       591.64
     127      130       453.88
     127      179       636.80
     127      129       799.62
     127      182       825.41
     128      191       394.46
     128      184       445.65
     128      190       449.03
     128      203       467.20
     129      130       346.54
     129      185       411.73
     129      190       565.21
     129      186       715.63
     130      185       694.62
     130      190       728.27
     130      181       742.89
     130      179       751.29
     131      133       519.23
     131      134       562.64
     131      336       680.75
     131      337       782.49
     132      137       439.87
     132      134       574.66
     132      336       598.99
     132      136       965.57
     133      136       463.91
     133      336       567.30
     133      135       638.02
     133      337       730.13
     134      336       509.61
     134      137       651.92
     134      136       908.53
     134      337      1335.70
     135      136       479.27
     135      179       550.04
     135      335       625.59
     135      138       635.26
     136      336       419.31
     136      137       542.89
     136      179       865.92
     136      335      1093.77
     137      336       290.00
     137      182      1144.74
     137      179      1273.40
     137      337      1545.94
     138      335       391.16
     138      179       468.65
     138      175       511.71
     138      176       719.09
     139      335       580.83
     139      331       941.12
     139      333       965.26
     139      337      1023.00
     140      202       395.60
     140      183       460.98
     140      153       499.12
     140      142       591.76
     141      144      1566.46
     141      152      1579.60
     141      183      1683.24
     141      149      1775.61
     142      202       210.06
     142      153       341.95
     142      156       483.53
     142      143       625.42
     143      196       411.10
     143      156       513.44
     143      195       537.24
     143      162       587.07
     144      152       395.89
     144      158      2228.60
     144      202      2908.51
     144      183      3069.88
     145      146       339.41
     145      147       351.73
     145      180       649.27
     145      151       654.49
     146      180       406.49
     146      194       612.50
     146      147       680.14
     146      148       965.30
     147      151       317.40
     147      148       491.15
     147      189       601.52
     147      150       618.76
     148      151       556.44
     148      181       615.52
     148      186       677.88
     148      185       814.33
     149      150       541.72
     149      155       684.57
     149      183       718.62
     149      189       825.79
     150      189       320.08
     150      155       462.20
     150      187       505.45
     150      151       526.70
     151      189       353.99
     151      187       488.35
     151      188       512.07
     151      186       561.81
     152      158      2550.21
     152      202      3112.60
     152      183      3192.35
     152      153      3373.97
     153      202       349.75
     153      154       494.00
     153      183       528.08
     153      156       587.61
     154      227       491.35
     154      155       497.81
     154      187       632.95
     154      183       651.00
     155      187       368.70
     155      189       409.88
     155      183       588.83
     155      188       653.01
     156      162       330.04
     156      161       536.93
     156      209       584.81
     156      160       659.78
     157      201       365.20
     157      195       369.44
     157      222       390.56
     157      168       440.61
     158      202      1247.80
     158      196      1338.39
     158      198      1345.67
     158      197      1403.71
     159      226       156.85
     159      195       188.48
     159      201       197.99
     159      168       244.18
     160      225       131.85
     160      161       148.66
     160      217       200.00
     160      226       217.20
     161      162       219.73
     161      217       225.61
     161      225       265.19
     161      214       281.39
     162      214       352.60
     162      209       370.47
     162      216       409.64
     162      217       422.00
     163      224       141.42
     163      167       169.61
     163      225       270.47
     163      219       292.62
     164      168       170.75
     164      165       173.46
     164      174       194.16
     164      167       254.95
     165      174       232.44
     165      166       276.81
     165      167       315.39
     165      168       333.92
     166      174       276.37
     166      200       356.55
     166      222       405.20
     166      168       562.31
     167      224       162.02
     167      226       172.80
     167      225       208.66
     167      168       222.25
     168      201       107.07
     168      226       213.52
     168      195       314.08
     168      174       330.72
     169      223       394.19
     169      171       452.66
     169      229       602.52
     169      200       670.47
     170      177       402.05
     170      221       621.39
     170      334       826.83
     170      213       918.98
     171      173       410.31
     171      229       680.42
     171      223       834.40
     171      200      1122.17
     172      197       441.47
     172      222       525.27
     172      223       526.74
     172      229       655.13
     173      229      1090.03
     173      223      1119.47
     173      200      1334.32
     173      230      1550.79
     174      222       224.89
     174      201       388.36
     174      200       459.78
     174      226       530.08
     175      176       310.93
     175      193       479.40
     175      190       630.16
     175      334       699.81
     176      190       320.16
     176      193       397.22
     176      192       599.14
     176      179       723.03
     177      221       458.26
     177      213       523.25
     177      192       667.63
     177      219       689.42
     178      327       466.48
     178      334       503.54
     178      193      1122.79
     178      192      1274.84
     179      335       773.55
     179      190       829.34
     179      193      1105.13
     179      336      1267.69
     180      194       423.79
     180      181      1401.86
     180      189      1491.05
     180      182      1613.48
     181      182       543.31
     181      185       800.62
     181      186       895.41
     181      188      1240.40
     182      185      1300.38
     182      336      1415.46
     182      186      1433.39
     182      190      1698.67
     183      202       705.89
     183      187       950.48
     183      189       987.93
     183      227      1130.51
     184      203       265.00
     184      204       272.68
     184      227       396.61
     184      208       431.49
     185      186       303.94
     185      188       624.82
     185      190       865.85
     185      187       914.92
     186      188       362.74
     186      187       631.73
     186      189       698.64
     186      227       805.24
     187      189       214.62
     187      188       297.11
     187      227       638.20
     187      203      1058.64
     188      189       440.06
     188      227       553.66
     188      203       876.01
     188      204       881.17
     189      227       852.70
     189      203      1265.56
     189      204      1269.18
     189      208      1313.89
     190      193       559.38
     190      192       629.61
     190      191       680.56
     190      203       913.63
     191      192       346.93
     191      211       410.91
     191      213       442.57
     191      207       444.84
     192      193       272.98
     192      213       573.53
     192      211       651.95
     192      207       760.58
     193      334       620.15
     193      213       839.29
     193      211       924.91
     193      327       960.41
     194      227      2623.00
     194      203      2951.22
     194      204      2957.36
     194      208      3054.07
     195      201       212.90
     195      196       291.82
     195      226       335.08
     195      225       468.28
     196      201       492.85
     196      226       616.66
     196      197       700.27
     196      225       733.30
     197      228       707.73
     197      222       810.05
     197      199       844.90
     197      201       912.81
     198      199       616.75
     198      228       889.31
     198      230       944.59
     198      231      1182.95
     199      228       305.45
     199      230       377.83
     199      229       777.96
     199      231      1122.40
     200      223       352.28
     200      222       385.02
     200      201       834.34
     200      221       980.84
     201      226       241.83
     201      225       393.51
     201      224       442.88
     201      222       489.35
     202      209      1245.63
     202      227      1267.38
     202      205      1330.18
     202      210      1333.25
     203      204         9.00
     203      208       203.25
     203      205       315.32
     203      207       318.43
     204      208       194.54
     204      205       306.62
     204      207       310.37
     204      206       344.33
     205      208       112.09
     205      206       128.51
     205      210       176.65
     205      207       220.82
     206      210       110.16
     206      207       119.27
     206      208       178.37
     206      209       205.73
     207      208       209.81
     207      210       214.80
     207      211       216.92
     207      212       272.18
     208      210       266.83
     208      209       339.00
     208      212       412.70
     208      211       426.65
     209      210        99.20
     209      212       201.21
     209      214       243.98
     209      216       306.10
     210      212       172.63
     210      214       276.80
     210      216       323.67
     210      220       327.89
     211      213       195.03
     211      220       243.31
     211      212       267.29
     211      215       357.26
     212      214       155.91
     212      220       158.76
     212      216       172.70
     212      215       232.00
     213      220       302.19
     213      215       381.76
     213      219       414.74
     213      216       461.46
     214      216        71.59
     214      215       190.59
     214      220       206.40
     214      218       210.64
     215      220       116.43
     215      216       120.00
     215      218       125.63
     215      219       131.24
     216      218       151.60
     216      220       159.86
     216      217       198.08
     216      219       235.85
     217      218        87.66
     217      225       182.27
     217      224       202.28
     217      219       210.43
     218      219       135.16
     218      224       235.85
     218      220       238.84
     218      225       257.13
     219      220       229.13
     219      224       258.12
     219      225       337.02
     219      221       427.77
     220      224       461.34
     220      225       495.65
     220      221       612.15
     220      226       646.79
     221      224       469.24
     221      225       604.12
     221      226       662.90
     221      222       928.07
     222      223       541.36
     222      226       690.50
     222      224       807.49
     222      225       822.88
     223      229       668.68
     223      228      1007.33
     223      226      1228.99
     223      230      1275.51
     224      225       134.89
     224      226       228.57
     224      227      1361.12
     224      334      1678.29
     225      226       152.00
     225      227      1315.12
     225      334      1798.11
     225      229      1871.59
     226      227      1445.40
     226      229      1726.62
     226      228      1758.02
     226      334      1902.84
     227      334      2052.06
     227      327      2447.01
     227      335      2631.04
     227      336      3110.32
     228      230       397.78
     228      229       494.05
     228      231      1348.31
     228      334      3361.26
     229      230       629.61
     229      231      1619.01
     229      334      3096.14
     229      323      3224.49
     230      231      1004.71
     230      323      3037.40
     230      316      3564.45
     230      334      3686.93
     231      323      2717.85
     231      316      2905.00
     231      317      3015.25
     231      269      3125.55
     232      235       770.79
     232      240      1243.26
     232      233      1318.05
     232      241      1750.00
     233      235      1104.76
     233      241      1242.88
     233      299      1325.40
     233      234      1897.91
     234      324      1161.39
     234      299      1380.80
     234      301      1687.64
     234      235      1761.45
     235      240      1959.67
     235      299      2023.84
     235      241      2053.44
     235      236      2691.73
     236      240       734.85
     236      241      1653.65
     236      239      1935.65
     236      243      2900.38
     237      386      1207.84
     237      249      1683.83
     237      439      1944.14
     237      250      2039.63
     238      242      4229.27
     238      301      9735.08
     238      299     10098.44
     238      241     10521.99
     239      243      2293.45
     239      240      2559.68
     239      247      3123.31
     239      241      3551.54
     240      241      1357.65
     240      243      3000.52
     240      299      3215.25
     240      247      3568.04
     241      299      2284.96
     241      301      3456.42
     241      324      4110.79
     241      243      4355.00
     242      301     11481.40
     242      317     11750.69
     242      334     11812.50
     242      316     12092.59
     243      247       830.96
     243      244      2285.77
     243      246      2810.30
     243      245      3236.21
     244      245      1534.85
     244      472      1628.07
     244      247      1753.62
     244      246      1799.03
     245      246       853.63
     245      473       861.44
     245      471      1271.97
     245      472      1602.12
     246      249      1265.99
     246      471      1536.48
     246      473      1632.35
     246      392      1797.59
     247      249      2560.31
     247      473      3295.35
     247      472      3312.62
     247      471      3501.46
     248      392       697.62
     248      393       777.79
     248      379       950.32
     248      380       992.83
     249      392      1156.67
     249      471      1970.29
     249      379      2148.65
     249      386      2226.50
     250      258       454.01
     250      297       746.94
     250      372       808.51
     250      259      1001.48
     251      252       249.54
     251      257       270.15
     251      260       371.65
     251      259       456.87
     252      253       267.09
     252      260       278.86
     252      272       431.39
     252      257       457.48
     253      295       317.72
     253      254       438.59
     253      260       492.35
     253      273       542.90
     254      295       333.24
     254      255       419.18
     254      256       503.12
     254      273       697.14
     255      274       350.09
     255      256       476.63
     255      308       646.74
     255      295       697.79
     256      308       390.00
     256      274       567.74
     256      295       827.35
     256      297      1136.58
     257      259       204.69
     257      318       376.86
     257      260       397.61
     257      319       492.15
     258      259       581.23
     258      372       585.15
     258      366       773.66
     258      373       814.87
     259      319       357.77
     259      318       404.00
     259      366       514.13
     259      261       551.38
     260      272       178.39
     260      307       408.84
     260      318       418.12
     260      273       476.79
     261      318       215.04
     261      319       317.53
     261      313       356.43
     261      307       460.11
     262      357       345.40
     262      353       363.24
     262      371       463.21
     262      418       570.25
     263      314       413.81
     263      266       474.43
     263      264       479.70
     263      265       605.91
     264      303       372.16
     264      302       471.22
     264      294       575.42
     264      314       631.35
     265      304       125.60
     265      266       233.73
     265      314       244.90
     265      326       274.87
     266      310       226.53
     266      305       226.77
     266      314       296.33
     266      304       300.50
     267      309       715.06
     267      311       767.93
     267      362       847.63
     267      321      1169.24
     268      271       246.45
     268      280       259.26
     268      284       262.72
     268      283       392.34
     269      283       255.00
     269      316       423.33
     269      282       498.97
     269      271       591.96
     270      284       263.80
     270      275       281.40
     270      288       430.17
     270      280       436.66
     271      316       343.58
     271      284       380.25
     271      280       477.07
     271      317       483.61
     272      307       251.84
     272      306       364.45
     272      273       378.71
     272      318       430.12
     273      306       253.25
     273      296       293.40
     273      295       366.31
     273      294       503.12
     274      308       490.33
     274      302       974.79
     274      295      1046.01
     274      303      1244.44
     275      288       150.85
     275      285       209.91
     275      284       277.35
     275      280       307.90
     276      278       700.93
     276      285       859.27
     276      286       957.00
     276      277       966.76
     277      286       343.95
     277      287       436.65
     277      289       519.77
     277      285       534.22
     278      285       494.29
     278      288       576.25
     278      286       712.44
     278      284       721.28
     279      370       209.39
     279      290       310.04
     279      300       327.79
     279      312       345.81
     280      284       198.37
     280      289       215.18
     280      281       230.11
     280      288       299.83
     281      289       115.17
     281      282       252.58
     281      291       284.89
     281      286       308.55
     282      291       141.16
     282      283       246.87
     282      289       367.74
     282      287       428.98
     283      291       378.35
     283      289       532.85
     283      316       566.73
     283      284       600.54
     284      288       361.72
     284      289       382.54
     284      285       469.80
     284      286       552.05
     285      288       127.58
     285      286       224.19
     285      289       316.83
     285      291       683.01
     286      288       220.06
     286      289       224.72
     286      291       499.04
     286      287       558.34
     287      290       281.31
     287      291       287.92
     287      289       562.69
     287      300       602.51
     288      289       210.30
     288      291       595.21
     288      290       987.33
     288      316      1005.59
     289      291       388.74
     289      290       797.74
     289      316       905.82
     289      312      1017.89
     290      300       410.00
     290      312       431.26
     290      291       434.55
     290      370       505.26
     291      312       636.18
     291      300       832.90
     291      292       904.09
     291      370       922.84
     292      300       312.93
     292      315       540.50
     292      320       590.60
     292      370       643.81
     293      320       428.05
     293      370       594.91
     293      298       610.95
     293      300       790.25
     294      296       299.55
     294      314       320.26
     294      306       503.71
     294      302       559.75
     295      296       615.92
     295      306       619.54
     295      302       818.94
     295      307       821.13
     296      306       204.83
     296      314       414.37
     296      325       417.54
     296      304       424.46
     297      308      1391.16
     297      318      1444.23
     297      372      1471.56
     297      319      1501.62
     298      370       270.42
     298      312       435.02
     298      320       524.33
     298      300       598.16
     299      301      1204.04
     299      324      1961.58
     299      317      3404.50
     299      308      3453.41
     300      370       332.36
     300      320       373.38
     300      312       665.30
     300      315       727.27
     301      324      1412.13
     301      317      2355.66
     301      316      2970.84
     301      308      3520.98
     302      303       446.75
     302      314       814.24
     302      306       999.97
     302      304      1126.30
     303      315       759.05
     303      314       984.33
     303      309      1184.28
     303      304      1348.19
     304      326       156.52
     304      367       260.49
     304      325       289.77
     304      305       309.25
     305      310         1.00
     305      368       146.25
     305      363       224.96
     305      367       269.26
     306      325       302.77
     306      307       341.88
     306      326       396.43
     306      314       579.12
     307      325       310.45
     307      318       413.43
     307      326       459.93
     307      313       550.44
     308      314      2030.62
     308      318      2090.14
     308      325      2107.53
     308      326      2189.81
     309      315       653.90
     309      320       893.38
     309      370      1214.28
     309      311      1215.57
     310      368       146.71
     310      363       224.76
     310      367       270.22
     310      369       278.63
     311      321       448.13
     311      362      1023.22
     311      347      1384.02
     311      365      1585.63
     312      370       497.15
     312      320       817.45
     312      323       986.55
     312      316      1139.39
     313      358       204.78
     313      356       390.29
     313      357       493.19
     313      360       510.31
     314      326       511.24
     314      325       601.35
     314      367       610.27
     314      368       630.50
     315      320       731.69
     315      370       973.38
     315      362      1927.43
     315      368      2042.50
     316      317       641.56
     316      323      1238.93
     316      370      1621.19
     316      320      1930.13
     317      324      1739.14
     317      323      1861.15
     317      370      2170.18
     317      320      2459.53
     318      319       336.59
     318      366       630.41
     318      357       691.10
     318      325       706.61
     319      366       294.49
     319      357       491.23
     319      371       570.15
     319      358       745.32
     320      370       321.18
     320      323      1625.48
     320      321      2169.48
     320      362      2440.78
     321      362      1450.21
     321      347      1739.12
     321      365      2005.23
     321      363      2073.02
     322      338      5917.41
     322      329      6000.78
     322      340      6073.19
     322      332      6122.88
     323      370      1341.64
     323      324      3341.92
     323      362      4032.13
     323      363      4317.93
     324      370      2972.47
     324      325      4061.89
     324      326      4090.06
     324      367      4282.52
     325      326       150.03
     325      367       349.06
     325      360       432.70
     325      369       486.56
     326      367       226.88
     326      360       370.44
     326      369       372.67
     326      368       403.72
     327      334       489.72
     327      335       898.45
     327      340      1735.03
     327      332      1836.08
     328      333       233.53
     328      331       247.35
     328      339       362.82
     328      330       457.08
     329      338       218.41
     329      339       243.82
     329      332       319.53
     329      333       462.22
     330      331       486.00
     330      333       612.86
     330      337       697.65
     330      339       808.70
     331      333       166.21
     331      339       400.28
     331      332       744.69
     331      337       789.17
     332      338       224.06
     332      339       366.81
     332      333       582.37
     332      340       835.46
     333      339       234.31
     333      338       643.24
     333      337       950.84
     333      340      1394.59
     334      335      1242.47
     334      340      2140.89
     334      337      2414.90
     334      339      2426.34
     335      337      1203.04
     335      336      1485.73
     335      339      1621.65
     335      338      1907.06
     336      337      1261.91
     336      339      2406.93
     336      338      2806.44
     336      340      3268.14
     337      339      1183.22
     337      338      1592.01
     337      340      2217.68
     337      370      9069.84
     338      339       409.22
     338      340       921.87
     338      370      8139.87
     338      362      9495.29
     339      340      1198.61
     339      370      8373.15
     339      362      9809.07
     339      347     10126.79
     340      370      7218.01
     340      362      8610.53
     340      347      8930.50
     340      365      9174.79
     341      351       645.82
     341      350       710.66
     341      434       808.45
     341      346       892.55
     342      361       452.83
     342      418       491.04
     342      420       509.81
     342      419       548.09
     343      431       371.65
     343      345       470.11
     343      434       633.97
     343      351       694.08
     344      408       393.28
     344      433       395.68
     344      431       405.12
     344      361       440.37
     345      354       383.82
     345      433       556.42
     345      431       577.60
     345      388       851.81
     346      349       890.29
     346      348      1026.96
     346      347      1126.14
     346      359      1271.96
     347      365       545.56
     347      362       576.57
     347      348       600.17
     347      359       622.94
     348      359       250.58
     348      349       304.87
     348      355       451.30
     348      365       555.03
     349      359       518.98
     349      352       580.61
     349      355       671.94
     349      353       772.33
     350      353       360.17
     350      352       678.46
     350      418       735.71
     350      434       839.34
     351      434       479.29
     351      431       826.00
     351      361      1314.58
     351      353      1410.01
     352      358       351.85
     352      353       352.40
     352      357       555.96
     352      356       558.66
     353      357       545.86
     353      358       624.31
     353      418       807.06
     353      371       823.77
     354      433       812.00
     354      431       955.76
     354      388       967.20
     354      389       967.69
     355      359       216.33
     355      356       267.59
     355      364       300.09
     355      360       321.16
     356      360       230.21
     356      358       358.67
     356      369       380.62
     356      367       439.09
     357      358       457.06
     357      371       473.65
     357      366       495.67
     357      375       802.44
     358      360       553.81
     358      359       725.67
     358      369       726.31
     358      367       749.24
     359      365       351.14
     359      364       432.45
     359      363       523.47
     359      369       526.90
     360      369       180.08
     360      367       208.89
     360      364       306.62
     360      368       322.18
     361      432       282.67
     361      419       474.89
     361      408       548.57
     361      422       582.90
     362      365       564.30
     362      363       631.45
     362      364       734.27
     362      368       760.61
     363      364       129.54
     363      368       145.24
     363      369       240.83
     363      365       253.30
     364      369       158.94
     364      368       160.08
     364      365       254.95
     364      367       295.98
     365      368       383.31
     365      369       413.09
     365      367       550.13
     365      366      1819.35
     366      371       313.85
     366      373       481.49
     366      375       632.85
     366      372       761.64
     367      369       146.25
     367      368       202.11
     367      371      1607.59
     367      373      1932.90
     368      369       144.14
     368      371      1766.49
     368      373      2103.86
     368      375      2110.50
     369      371      1624.84
     369      373      1965.40
     369      375      1967.44
     369      418      1982.22
     370      371      4575.59
     370      373      4822.65
     370      375      4938.72
     370      372      4949.45
     371      375       363.13
     371      373       382.46
     371      418       608.78
     371      374       710.86
     372      376       299.54
     372      373       438.14
     372      438       551.20
     372      439       645.79
     373      375       323.65
     373      376       502.90
     373      378       531.09
     373      374       587.18
     374      423       198.25
     374      420       205.01
     374      378       312.41
     374      375       349.79
     375      418       410.59
     375      420       476.60
     375      378       477.78
     375      423       545.71
     376      438       252.96
     376      378       417.90
     376      439       514.38
     376      377       647.53
     377      435       311.09
     377      438       395.25
     377      421       410.56
     377      387       430.00
     378      421       326.96
     378      438       356.43
     378      423       394.90
     378      420       502.58
     379      394       680.95
     379      380      1021.91
     379      384      1091.03
     379      442      1110.65
     380      397       548.02
     380      381       575.68
     380      394       614.93
     380      395       632.56
     381      397       316.90
     381      448       363.89
     381      402       551.01
     381      382       552.20
     382      427       379.13
     382      442       467.85
     382      397       474.91
     382      415       561.97
     383      442       374.18
     383      426       411.95
     383      444       414.59
     383      428       454.49
     384      385       261.73
     384      435       649.69
     384      387       700.16
     384      409       705.88
     385      387       523.97
     385      435       738.34
     385      409       886.31
     385      439       954.08
     386      439       801.39
     386      387       872.01
     386      438      1256.42
     386      435      1539.37
     387      439       447.28
     387      438       530.09
     387      435       677.04
     387      421       827.64
     388      389        12.81
     388      433       401.62
     388      390       402.04
     388      436       465.31
     389      390       389.24
     389      433       412.49
     389      436       466.18
     389      430       529.94
     390      425       459.44
     390      440       486.41
     390      430       606.77
     390      436       626.64
     391      417       683.48
     391      424       811.37
     391      677       897.06
     391      443      1164.73
     392      393      1150.50
     392      471      1402.57
     392      470      1632.48
     392      405      1674.60
     393      405       543.47
     393      395       781.06
     393      470       839.44
     393      483       923.58
     394      397       485.83
     394      442       493.13
     394      427       994.50
     394      444      1004.20
     395      398       256.56
     395      396       380.00
     395      402       407.16
     395      403       426.53
     396      401       140.01
     396      404       197.00
     396      398       206.79
     396      437       216.39
     397      442       460.00
     397      448       676.30
     397      427       778.20
     397      402       854.81
     398      404       173.08
     398      403       180.28
     398      401       262.09
     398      407       348.40
     399      406       187.93
     399      403       211.01
     399      484       241.12
     399      407       253.01
     400      401       180.07
     400      407       227.75
     400      404       295.36
     400      437       302.36
     401      404       140.72
     401      407       198.40
     401      403       243.08
     401      437       266.02
     402      437       189.74
     402      448       196.12
     402      404       423.89
     402      403       506.40
     403      404       103.23
     403      407       210.19
     403      406       275.14
     403      412       374.21
     404      407       176.49
     404      406       290.04
     404      412       380.64
     404      437       388.13
     405      483       381.58
     405      470       663.53
     405      484       722.53
     405      460       724.94
     406      412        99.74
     406      407       143.40
     406      485       196.37
     406      484       225.22
     407      412       215.23
     407      485       333.35
     407      459       347.85
     407      484       367.14
     408      445       346.63
     408      433       391.84
     408      432       523.18
     408      447       612.08
     409      435       322.02
     409      410       380.71
     409      422       406.49
     409      432       591.94
     410      447       350.69
     410      446       412.41
     410      445       425.18
     410      411       425.94
     411      446       221.42
     411      426       419.34
     411      447       536.68
     411      429       539.57
     412      485       126.40
     412      484       207.66
     412      459       232.43
     412      463       341.68
     413      449       513.40
     413      690       738.07
     413      688       760.37
     413      487       789.52
     414      437       351.46
     414      459       533.09
     414      448       636.83
     414      485       766.26
     415      443       594.08
     415      416       634.73
     415      669       646.21
     415      427       711.60
     416      674       400.32
     416      443       530.39
     416      417       579.59
     416      424       662.87
     417      674       552.05
     417      676       590.20
     417      424       630.81
     417      677       704.36
     418      420       344.42
     418      423       517.49
     418      419       598.38
     418      421       803.25
     419      423       210.95
     419      420       275.14
     419      422       311.83
     419      432       355.79
     420      423       180.11
     420      421       478.56
     420      422       563.49
     420      432       616.95
     421      423       299.87
     421      422       351.95
     421      435       415.84
     421      438       518.43
     422      432       320.67
     422      435       420.20
     422      423       423.29
     422      445       789.54
     423      432       561.26
     423      435       685.83
     423      438       719.64
     423      445      1184.31
     424      443       367.16
     424      669       577.47
     424      440       630.86
     424      427       869.04
     425      428       211.01
     425      430       251.20
     425      429       277.50
     425      436       354.86
     426      429       123.43
     426      446       210.12
     426      430       290.03
     426      428       324.20
     427      444       272.81
     427      669       295.77
     427      440       487.06
     427      442       506.56
     428      429       236.14
     428      444       276.41
     428      430       355.02
     428      440       371.06
     429      430       200.26
     429      436       315.63
     429      446       323.73
     429      447       372.83
     430      436       127.24
     430      447       270.39
     430      446       428.38
     430      445       471.68
     431      434       519.01
     431      433       685.94
     431      432       911.03
     431      445      1144.43
     432      445       670.45
     432      435       722.54
     432      433       870.36
     432      447       909.32
     433      445       631.81
     433      436       748.95
     433      447       832.76
     433      446      1191.92
     434      445      1563.57
     434      435      1817.72
     434      447      1834.30
     434      436      1843.26
     435      438       680.78
     435      445       940.61
     435      447      1007.78
     435      439      1011.39
     436      447       200.49
     436      445       350.18
     436      446       471.69
     436      440       718.35
     437      448       334.52
     437      459       659.41
     437      485       776.95
     437      484       822.24
     438      439       491.04
     438      445      1585.90
     438      447      1683.79
     438      446      1729.38
     439      445      1951.94
     439      446      1963.45
     439      447      1998.31
     439      442      2622.60
     440      444       373.13
     440      669       390.36
     440      443       598.91
     440      447       886.09
     441      692       272.44
     441      693       300.67
     441      691       330.05
     441      673       374.14
     442      444       524.92
     442      669       802.29
     442      446       857.79
     442      443      1102.71
     443      669       321.14
     443      444       760.90
     443      674       916.55
     443      676      1240.08
     444      669       444.63
     444      446       719.28
     444      447       857.59
     444      445      1098.83
     445      447       271.96
     445      446       621.90
     445      669      1429.33
     445      448      2506.18
     446      447       364.01
     446      669      1151.73
     446      448      1963.83
     446      674      2368.14
     447      669      1225.31
     447      448      2240.45
     447      674      2382.31
     447      676      2646.73
     448      459       990.50
     448      485      1076.49
     448      483      1098.57
     448      484      1100.49
     449      688       650.00
     449      674       955.63
     449      687       962.14
     449      681      1046.21
     450      465       645.15
     450      455       708.52
     450      452       720.74
     450      464       763.84
     451      452       431.97
     451      489       580.58
     451      662       756.58
     451      465       887.15
     452      657       644.72
     452      664       824.55
     452      662       841.97
     452      658       844.62
     453      671       558.24
     453      654       927.05
     453      455      1019.52
     453      454      1118.46
     454      660       530.05
     454      457       576.51
     454      654       695.92
     454      671       755.86
     455      494       389.22
     455      466       450.14
     455      671       533.03
     455      496       704.05
     456      463       161.64
     456      485       275.17
     456      458       292.54
     456      484       337.33
     457      494       386.60
     457      495       422.51
     457      496       572.65
     457      458       741.44
     458      496       193.35
     458      463       328.52
     458      495       351.04
     458      462       388.74
     459      485       290.69
     459      484       410.43
     459      486       430.44
     459      463       446.62
     460      484       196.39
     460      463       212.28
     460      485       296.56
     460      483       344.33
     461      468       192.42
     461      475       233.90
     461      488       585.92
     461      474       606.50
     462      466       350.00
     462      467       423.99
     462      464       430.77
     462      496       442.71
     463      485       215.74
     463      484       216.42
     463      496       517.40
     463      483       528.34
     464      466       433.68
     464      465       491.35
     464      467       574.39
     464      469       602.68
     465      469       453.43
     465      488       547.39
     465      475       863.01
     465      466       892.37
     466      496       398.78
     466      494       400.48
     466      495       620.95
     466      467       749.55
     467      470       612.10
     467      483       637.31
     467      469       657.95
     467      484       737.99
     468      475       351.20
     468      474       429.46
     468      476       614.96
     468      488       693.54
     469      488       504.22
     469      475       639.36
     469      470       827.39
     469      489      1210.96
     470      483       741.33
     470      484      1052.12
     470      475      1152.49
     470      485      1175.54
     471      473      1033.68
     471      474      1133.07
     471      475      1248.48
     471      476      1471.10
     472      479      1051.05
     472      473      1387.63
     472      480      2040.11
     472      474      2194.29
     473      474      1090.17
     473      479      1151.13
     473      476      1409.81
     473      475      1643.93
     474      476       361.01
     474      475       655.23
     474      488       895.43
     474      489       974.94
     475      488       354.12
     475      476       645.60
     475      489       924.06
     475      480      1663.28
     476      489       617.87
     476      488       736.10
     476      480      1023.06
     476      481      1316.81
     477      478       502.49
     477      497       787.10
     477      490       826.44
     477      491       869.74
     478      491       480.76
     478      481       570.01
     478      480       632.50
     478      490       773.10
     479      480       992.33
     479      481      1669.28
     479      491      1829.01
     479      489      1842.91
     480      481       685.44
     480      491       916.41
     480      482       986.70
     480      489      1065.27
     481      482       303.07
     481      491       375.58
     481      662       566.82
     481      503       589.65
     482      662       368.92
     482      491       398.97
     482      503       428.22
     482      664       722.17
     483      484       360.45
     483      485       475.79
     483      496      1000.64
     483      486      1086.21
     484      485       123.43
     484      486       726.64
     484      496       733.63
     484      495       796.06
     485      486       611.44
     485      496       711.90
     485      495       735.94
     485      487      1046.31
     486      487       443.36
     486      495       495.91
     486      496       683.84
     486      494       930.48
     487      495       779.92
     487      672       821.17
     487      659      1010.00
     487      496      1019.95
     488      489       736.45
     488      662      1545.13
     488      496      1740.92
     488      494      1780.68
     489      662       855.24
     489      664      1322.54
     489      491      1357.33
     489      503      1489.77
     490      503       507.49
     490      491       565.69
     490      509       741.03
     490      492       942.31
     491      503       306.11
     491      662       767.72
     491      492       970.41
     491      509       971.51
     492      606       337.72
     492      509       348.18
     492      608       530.97
     492      502       602.07
     493      664       289.36
     493      661       299.05
     493      663       359.97
     493      658       394.38
     494      496       386.52
     494      495       439.12
     494      671       710.13
     494      660      1403.64
     495      496       249.40
     495      671      1105.88
     495      672      1477.70
     495      660      1497.72
     496      671      1096.51
     496      660      1670.28
     496      672      1726.22
     496      659      1741.55
     497      498      1028.70
     497      503      1742.55
     497      509      2014.69
     497      505      2092.90
     498      638      1717.77
     498      508      2122.87
     498      500      2151.28
     498      501      2250.20
     499      642       328.57
     499      640       390.16
     499      616       440.11
     499      637       493.66
     500      501       570.15
     500      643       597.60
     500      638       598.05
     500      614       626.72
     501      643       568.03
     501      610       598.99
     501      591       814.54
     501      584       934.18
     502      506       119.87
     502      607       220.05
     502      605       297.03
     502      504       306.62
     503      509       678.11
     503      662       747.23
     503      664       855.36
     503      606       997.83
     504      506       207.08
     504      505       225.89
     504      607       237.80
     504      507       249.78
     505      506       292.91
     505      607       391.85
     505      509       442.92
     505      508       459.03
     506      607       120.02
     506      605       209.39
     506      645       260.38
     506      595       311.01
     507      595       247.63
     507      607       326.61
     507      605       330.82
     507      508       333.16
     508      591       527.18
     508      595       571.93
     508      607       579.83
     508      605       621.75
     509      606       478.87
     509      608       617.51
     509      607       671.74
     509      648       752.16
     510      524       874.54
     510      525       961.22
     510      531      1313.74
     510      521      1318.64
     511      522       328.59
     511      519       329.54
     511      521       379.64
     511      558       415.12
     512      568        62.80
     512      557       105.95
     512      572       161.31
     512      531       182.45
     513      582       334.99
     513      514       440.86
     513      587       477.94
     513      549       491.47
     514      537       273.56
     514      575       395.99
     514      539       434.73
     514      538       438.34
     515      526       311.29
     515      530       407.34
     515      523       494.00
     515      555       511.30
     516      528       280.89
     516      517       550.24
     516      527       569.99
     516      540       655.51
     517      549       479.67
     517      583       763.52
     517      544       768.48
     517      528       786.06
     518      519       496.10
     518      522       497.10
     518      520       582.42
     518      521       599.35
     519      522         1.00
     519      521       202.14
     519      558       567.54
     519      524       690.99
     520      558       696.61
     520      522       738.40
     520      521       933.03
     520      524      1400.77
     521      522       201.80
     521      524       490.31
     521      558       722.77
     521      573      1251.00
     522      558       567.10
     522      524       690.74
     522      573      1198.93
     522      531      1529.39
     523      555        80.75
     523      572       190.00
     523      568       214.25
     523      526       215.68
     524      558      1182.71
     524      531      1414.19
     524      573      1539.42
     524      557      1579.83
     525      534       724.03
     525      556       824.09
     525      531       890.51
     525      532      1007.05
     526      555       207.24
     526      572       220.04
     526      568       311.49
     526      556       361.67
     527      528       456.86
     527      529       657.20
     527      540       701.78
     527      530       805.48
     528      540       395.50
     528      529       832.13
     528      549      1075.65
     528      530      1151.95
     529      530       458.38
     529      538       666.42
     529      549       825.84
     529      537       827.35
     530      538       535.02
     530      534       589.36
     530      535       732.21
     530      537       771.79
     531      568       233.54
     531      557       253.62
     531      556       276.56
     531      572       315.89
     532      533       264.43
     532      536       366.55
     532      535       428.51
     532      547       587.56
     533      536       142.90
     533      547       323.61
     533      546       382.82
     533      548       383.44
     534      556       622.45
     534      535       725.39
     534      572       757.34
     534      538       781.04
     535      539       196.87
     535      536       310.74
     535      538       312.32
     535      537       341.35
     536      547       255.63
     536      548       266.75
     536      552       273.94
     536      546       348.46
     537      539       168.61
     537      538       240.48
     537      551       392.77
     537      575       439.18
     538      539       280.92
     538      551       605.39
     538      552       611.49
     538      575       679.65
     539      552       330.73
     539      551       341.32
     539      548       422.69
     539      553       446.88
     540      562       839.66
     540      570       861.96
     540      541       931.19
     540      561      1063.30
     541      563       309.01
     541      562       504.02
     541      697       600.05
     541      571       684.22
     542      604      1302.34
     542      603      1452.75
     542      629      2151.05
     542      543      2627.93
     543      544       315.16
     543      583       328.82
     543      589      1061.32
     543      549      1157.71
     544      583        20.00
     544      549       844.51
     544      589       869.27
     544      590      1158.13
     545      615       168.01
     545      550       174.73
     545      635       228.88
     545      546       249.07
     546      547       112.81
     546      634       238.00
     546      548       242.40
     546      553       331.69
     547      548       142.76
     547      552       236.48
     547      553       258.84
     547      634       348.09
     548      552       100.08
     548      553       136.49
     548      551       245.42
     548      550       344.19
     549      587       680.53
     549      582       734.66
     549      589       762.49
     549      583       829.46
     550      635       172.63
     550      617       173.81
     550      615       230.00
     550      636       239.24
     551      553       160.00
     551      552       171.06
     551      575       259.45
     551      617       342.88
     552      553       140.22
     552      575       430.50
     552      617       445.01
     552      618       512.52
     553      617       313.64
     553      575       383.82
     553      635       405.37
     553      615       408.17
     554      557       200.20
     554      555       264.64
     554      568       308.77
     554      572       355.14
     555      572       110.55
     555      568       140.87
     555      557       186.08
     555      556       310.04
     556      572       200.09
     556      568       220.57
     556      557       346.70
     556      573      1153.65
     557      568       132.32
     557      572       215.68
     557      573       810.70
     557      558      1435.87
     558      573       795.11
     558      560      1182.44
     558      565      1551.14
     558      568      1558.96
     559      560       604.63
     559      566       627.82
     559      565      1030.78
     559      574      1098.05
     560      565       599.08
     560      566       941.70
     560      574       960.03
     560      573      1005.81
     561      562       279.58
     561      564       324.69
     561      570       348.49
     561      571       378.80
     562      570       401.77
     562      563       423.24
     562      571       485.82
     562      564       547.55
     563      571       386.66
     563      697       433.68
     563      694       495.41
     563      564       590.83
     564      571       222.90
     564      569       323.83
     564      695       345.31
     564      567       470.77
     565      574       550.78
     565      570       576.42
     565      569       880.05
     565      566       993.23
     566      567       540.63
     566      569       628.87
     566      574       726.11
     566      696       884.27
     567      569       354.27
     567      696       594.53
     567      695       623.70
     567      574       673.07
     568      572        99.00
     568      573       942.77
     568      570      2014.73
     568      575      2071.14
     569      574       340.59
     569      571       536.64
     569      570       550.36
     569      695       642.08
     570      574       296.82
     570      571       725.77
     570      695       976.98
     570      694      1145.15
     571      695       284.61
     571      694       432.14
     571      697       602.60
     571      574       734.81
     572      573      1013.86
     572      575      1977.06
     572      582      2067.55
     572      618      2147.31
     573      574      1585.18
     573      695      2497.35
     573      694      2692.34
     573      696      2730.57
     574      695       923.35
     574      694      1165.53
     574      696      1266.29
     574      697      1311.87
     575      618       174.07
     575      617       331.34
     575      624       438.11
     575      625       501.39
     576      577       178.99
     576      581       200.42
     576      580       291.45
     576      579       294.53
     577      578       277.63
     577      579       310.11
     577      581       376.38
     577      580       401.54
     578      579       174.42
     578      588       247.11
     578      580       360.56
     578      590       398.13
     579      580       188.31
     579      590       273.12
     579      581       350.05
     579      588       356.88
     580      581       225.00
     580      590       268.68
     580      589       397.72
     580      587       516.39
     581      590       492.91
     581      589       555.62
     581      588       704.75
     581      587       741.27
     582      587       281.17
     582      588       435.66
     582      590       502.32
     582      586       603.68
     583      589       849.72
     583      590      1138.27
     583      587      1145.49
     583      588      1550.57
     584      643       372.02
     584      622       421.28
     584      585       523.89
     584      633       528.55
     585      586       115.39
     585      624       181.00
     585      625       237.54
     585      588       334.89
     586      624        91.81
     586      625       235.59
     586      588       283.92
     586      618       388.40
     587      590       249.20
     587      589       427.24
     587      588       437.97
     587      624       740.61
     588      624       352.53
     588      590       430.61
     588      625       519.33
     588      618       581.95
     589      590       303.36
     589      624      1082.68
     589      625      1252.81
     589      618      1258.06
     590      624       781.32
     590      625       949.82
     590      618       973.12
     590      626      1105.39
     591      592       310.64
     591      593       313.16
     591      610       430.46
     591      598       533.85
     592      593         3.00
     592      612       243.98
     592      594       320.00
     592      597       366.74
     593      612       241.83
     593      594       317.00
     593      597       365.44
     593      595       367.24
     594      644       191.51
     594      595       200.20
     594      612       223.44
     594      647       248.65
     595      605       132.77
     595      607       195.88
     595      645       199.25
     595      647       248.85
     596      601       401.62
     596      613       420.48
     596      611       493.30
     596      597       560.76
     597      612       160.70
     597      632       162.02
     597      599       164.92
     597      598       357.26
     598      599       196.25
     598      632       199.25
     598      600       360.36
     598      612       416.82
     599      632         3.00
     599      612       265.75
     599      600       393.57
     599      609       544.14
     600      609       221.06
     600      632       394.95
     600      602       398.15
     600      612       654.62
     601      609       624.06
     601      631       762.12
     601      613       809.36
     601      611       894.85
     602      609       439.82
     602      632       771.01
     602      610       908.64
     602      612      1034.79
     603      604      1426.94
     603      698      1824.38
     603      697      2391.33
     603      694      2677.21
     604      629      1846.76
     604      609      2077.68
     604      632      2621.94
     604      631      2703.55
     605      607        91.08
     605      645        96.83
     605      647       177.43
     605      646       278.54
     606      608       193.78
     606      648       336.93
     606      663       503.85
     606      646       506.57
     607      645       162.31
     607      647       248.85
     607      646       329.08
     607      644       422.51
     608      648       145.33
     608      646       322.50
     608      647       413.26
     608      645       417.16
     609      632       544.52
     609      612       778.57
     609      611       952.49
     609      613       976.52
     610      632       709.29
     610      612       813.89
     610      643       850.12
     610      644      1124.40
     611      613       165.01
     611      644       197.63
     611      650       267.25
     611      646       334.07
     612      632       263.79
     612      644       331.45
     612      647       462.41
     612      645       491.76
     613      650       231.35
     613      644       360.58
     613      646       445.69
     613      666       457.37
     614      633       125.87
     614      619       231.28
     614      642       231.35
     614      640       273.91
     615      641       107.07
     615      635       135.28
     615      636       213.86
     615      649       225.01
     616      641       230.43
     616      649       326.96
     616      634       372.10
     616      635       411.02
     617      639       190.54
     617      618       222.32
     617      635       280.01
     617      636       294.42
     618      624       299.87
     618      625       330.49
     618      639       359.24
     618      627       479.82
     619      620       121.34
     619      637       135.21
     619      627       164.81
     619      621       178.89
     620      621       105.85
     620      626       111.99
     620      627       114.76
     620      633       212.62
     621      626       104.06
     621      622       120.83
     621      633       155.57
     621      627       219.36
     622      633       170.36
     622      626       188.07
     622      625       330.97
     622      627       339.32
     623      636       116.00
     623      627       134.54
     623      637       137.64
     623      649       148.22
     624      625       181.87
     624      626       366.88
     624      639       454.23
     624      627       480.60
     625      626       189.62
     625      627       304.14
     625      639       311.77
     625      633       444.07
     626      627       186.70
     626      633       258.99
     626      639       291.53
     626      637       329.61
     627      639       160.63
     627      637       181.34
     627      636       228.99
     627      649       282.36
     628      653       250.74
     628      665       280.00
     628      667       287.90
     628      666       310.42
     629      630      1485.75
     629      655      1751.23
     629      631      1761.05
     629      653      2001.64
     630      655      2259.22
     630      654      2429.80
     630      660      2695.22
     630      670      2816.81
     631      653       373.88
     631      666       684.46
     631      650       701.88
     631      667       743.69
     632      644       570.25
     632      647       722.50
     632      645       755.41
     632      646       803.67
     633      640       309.01
     633      637       312.00
     633      642       323.94
     633      639       474.43
     634      641       322.63
     634      635       432.67
     634      649       496.71
     634      636       512.65
     635      636        93.00
     635      649       171.13
     635      641       185.06
     635      639       219.32
     636      649       123.45
     636      639       169.85
     636      641       225.60
     636      637       241.63
     637      640       122.64
     637      649       202.98
     637      642       271.54
     637      639       294.69
     638      642       897.06
     638      640      1036.68
     638      643      1192.38
     638      649      1246.08
     639      649       281.40
     639      641       390.96
     639      640       417.33
     639      642       564.03
     640      642       152.41
     640      649       276.59
     640      641       435.00
     640      643       870.27
     641      649       175.57
     641      642       565.21
     641      643      1289.76
     641      645      3248.54
     642      649       420.65
     642      643       792.65
     642      645      2695.70
     642      644      2712.29
     643      649      1115.90
     643      644      1974.05
     643      645      1996.13
     643      647      2023.47
     644      647       196.22
     644      646       239.01
     644      645       270.47
     644      650       379.53
     645      647        86.54
     645      646       181.95
     645      648       368.18
     645      650       498.52
     646      647       120.67
     646      648       222.25
     646      650       322.04
     646      666       492.15
     647      648       335.39
     647      650       420.22
     647      666       610.27
     647      667       740.35
     648      650       310.20
     648      666       346.55
     648      667       435.62
     648      665       497.69
     649      650      3459.06
     649      666      3702.73
     649      667      3849.48
     649      665      3917.32
     650      666       258.07
     650      667       420.49
     650      665       486.05
     650      668       688.77
     651      656       191.73
     651      652       195.93
     651      661       300.28
     651      658       350.02
     652      668       242.99
     652      665       266.75
     652      661       302.19
     652      663       302.32
     653      665       508.52
     653      667       530.77
     653      656       535.85
     653      666       558.24
     654      660       458.00
     654      671       957.84
     654      659      1229.16
     654      672      1576.74
     655      656       836.56
     655      658      1228.27
     655      657      1260.63
     655      661      1289.23
     656      658       434.89
     656      661       455.55
     656      657       567.86
     656      668       610.25
     657      658       229.97
     657      661       408.07
     657      664       659.11
     657      663       737.07
     658      661       183.27
     658      668       517.39
     658      663       517.42
     658      664       608.19
     659      672       380.30
     659      660       771.26
     659      685      1028.14
     659      684      1039.46
     660      672      1123.94
     660      671      1138.32
     660      685      1623.25
     660      684      1754.38
     661      663       334.40
     661      668       335.34
     661      665       525.30
     661      664       570.00
     662      664       540.17
     662      663      1158.32
     662      668      1222.39
     662      665      1475.97
     663      668        70.03
     663      665       317.80
     663      667       351.15
     663      666       494.97
     664      668       686.70
     664      665       941.19
     664      667       976.37
     664      666      1113.34
     665      667        68.00
     665      666       228.04
     665      668       254.53
     665      671      2452.59
     666      667       163.41
     666      668       446.66
     666      671      2669.52
     666      672      4493.32
     667      668       294.65
     667      671      2520.47
     667      672      4355.89
     667      685      4949.76
     668      671      2349.32
     668      672      4216.72
     668      685      4858.73
     668      670      4980.12
     669      674      1225.14
     669      676      1560.05
     669      688      1587.40
     669      681      1775.19
     670      685       924.66
     670      686      1144.43
     670      682      1279.81
     670      684      1319.08
     671      672      1898.18
     671      685      2685.73
     671      684      2722.54
     671      690      2761.42
     672      684       883.27
     672      690       899.39
     672      685      1022.36
     672      687      1344.79
     673      680       206.16
     673      683       318.00
     673      676       347.13
     673      689       398.30
     674      676       405.62
     674      688       528.65
     674      681       559.32
     674      689       788.14
     675      689       154.93
     675      683       293.47
     675      681       295.94
     675      687       319.91
     676      681       444.77
     676      689       534.81
     676      680       540.37
     676      683       561.36
     677      693       408.34
     677      692       658.44
     677      680       667.03
     677      691       704.19
     678      691       640.80
     678      692       834.34
     678      693       893.50
     678      679       909.79
     679      692       296.38
     679      680       309.97
     679      683       335.01
     679      691       450.11
     680      683       205.24
     680      692       263.91
     680      689       355.45
     680      691       484.24
     681      689       276.13
     681      687       351.14
     681      688       396.23
     681      683       425.06
     682      686       603.15
     682      685      1059.80
     682      684      1086.38
     682      690      1532.10
     683      689       166.40
     683      692       441.03
     683      687       605.59
     683      691       659.79
     684      685       407.18
     684      686       486.24
     684      690       684.71
     684      687      1116.65
     685      686       520.75
     685      690      1084.91
     685      687      1523.72
     685      689      1748.24
     686      690      1032.11
     686      687      1347.04
     686      689      1444.90
     686      692      1671.03
     687      688       414.37
     687      689       445.57
     687      690       488.36
     687      692      1046.43
     688      689       658.99
     688      690       801.82
     688      692      1226.72
     688      691      1446.45
     689      692       605.03
     689      691       824.92
     689      690       862.72
     689      693      1022.30
     690      692      1405.77
     690      691      1605.42
     690      693      1873.67
     690      698     10073.57
     691      692       221.23
     691      693       420.14
     691      698     11508.06
     691      697     12105.66
     692      693       508.81
     692      698     11362.94
     692      697     11961.18
     692      694     12261.23
     693      698     11869.97
     693      697     12468.35
     693      694     12768.53
     693      695     13077.25
     694      697       302.69
     694      695       333.77
     694      698       901.90
     694      696      1175.58
     695      697       614.93
     695      696       894.67
     695      698      1208.08
     696      697      1478.13
     696      698      2077.44
     697      698       599.65
