# Well Pumping Time Series Data for Well 101299 : Schulte
# Created on 12-Aug-2016 13:17:54
# Column-1: Time in days from beginning of model
# Column-2: Pumping Volume in cubic meters
         0  0.00
      3510 -123348.00
      3540 -123348.00
      3570 -123348.00
      3840 -92511.00
      3870 -154185.00
      3900 -123348.00
      4170 -123348.00
      4200 -130749.00
      4230 -123348.00
      4260 -123348.00
      4470 -78943.00
      4500 -123348.00
      4530 -123348.00
      4560 -148018.00
      4590 -148018.00
      4620 -123348.00
      4650 -111013.00
      4680 -111013.00
      4710 -111013.00
      4830 -78079.00
      4860 -157762.00
      4890 -156652.00
      4920 -308370.00
      4950 -224493.00
      4980 -151471.00
      5010 -148018.00
      5040 -246696.00
      5070 -209692.00
      5280 -123348.00
      5310 -123348.00
      5340 -123348.00
      5640 -92511.00
      5670 -154185.00
      5700 -123348.00
      5910 -78079.00
      5940 -157762.00
      5970 -156652.00
      6000 -308370.00
      6030 -224493.00
      6060 -151471.00
      6120 -145921.00
      6150 -141850.00
      6180 -167507.00
      6270 -78079.00
      6300 -157762.00
      6330 -156652.00
      6360 -308370.00
      6390 -224493.00
      6420 -151471.00
      6450 -148018.00
      6480 -145921.00
      6510 -141850.00
      6540 -167507.00
      6570 -140247.00
      6630 -43172.00
      6750 -28987.00
      6780 -110890.00
      6810 -82396.00
      7350 -25410.00
      7470 -62414.00
      7500 -9498.00
      7530 -85233.00
      7590 -75242.00
      7620 -493.00
      7680 -48969.00
      7710 -10115.00
      7800 -23930.00
      7830 -30097.00
      8160 -30590.00
      8190 -107189.00
      8220 -116070.00
      8250 -131612.00
      8280 -48969.00
      8520 -30590.00
      8550 -107189.00
      8580 -116070.00
      8610 -131612.00
      8640 -48969.00
      8790 -78079.00
      8820 -157762.00
      8850 -156652.00
      8880 -308370.00
      8910 -224493.00
      8940 -151471.00
      8970 -148018.00
      9000 -246696.00
      9030 -209692.00
      9090 -36290.00
      9120 -49295.00
      9150 -96796.00
      9180 -109180.00
      9210 -133049.00
      9240 -155768.00
      9270 -125953.00
      9300 -247625.00
      9330 -226888.00
      9360 -235086.00
      9390 -145682.00
      9420 -61674.00
      9450 -73413.00
      9480 -56740.00
      9510 -59282.00
      9540 -94999.00
      9570 -142380.00
      9600 -120969.00
      9630 -129731.00
      9660 -127670.00
      9690 -54628.00
      9720 -162966.00
      9750 -126442.00
      9780 -76071.00
      9810 -73413.00
      9840 -41942.00
      9870 -59282.00
      9900 -94999.00
      9930 -142380.00
      9960 -120969.00
      9990 -129731.00
     10020 -127670.00
     10050 -54628.00
     10080 -146436.00
     10110 -131378.00
     10140 -47414.00
     10170 -83140.00
     10200 -59313.00
     10230 -23524.00
     10260 -146384.00
     10290 -163357.00
     10320 -163130.00
     10350 -169980.00
     10380 -156733.00
     10410 -151407.00
     10440 -147250.00
     10470 -94397.00
     10500 -42725.00
     10530 -5392.00
     10560 -37865.00
     10590 -70383.00
     10620 -67067.00
     10650 -53994.00
     10680 -109725.00
     10710 -146217.00
     10740 -105038.00
     10770 -95471.00
     10800 -80070.00
     10830 -17347.00
     10860 -2313.00
     10890 -382.00
     10920 -2639.00
     10980 -30559.00
     11010 -81569.00
     11040 -107038.00
     11070 -119572.00
     11100 -140548.00
     11130 -114767.00
     11160 -82946.00
     11190 -41051.00
     11220 -91887.00
     11250 -24575.00
     11280 -1014.00
     11310 -8072.00
     11340 -1657.00
     11400 -41651.00
     11430 -122654.00
     11460 -134544.00
     11490 -124699.00
     11520 -116122.00
     11550 -7881.00
     11640 -2458.00
     11670 -135229.00
     11700 -53338.00
     11730 -138951.00
     11760 -178080.00
     11790 -209853.00
     11820 -182570.00
     11850 -127029.00
     11880 -188842.00
     11910 -153460.00
     11940 -147727.00
     11970 -166114.00
     12000 -104361.00
     12030 -4647.00
     12060 -67592.00
     12090 -115717.00
     12120 -43257.00
     12150 -75162.00
     12180 -60580.00
     12240 -26598.00
     12270 -59301.00
     12300 -27511.00
     12330 -61568.00
     12360 -72726.00
     12390 -14451.00
     12420 -954.00
     12450 -2959.00
     12480 -61164.00
     12510 -81889.00
     12540 -121236.00
     12570 -120927.00
     12600 -73556.00
     12630 -54255.00
     12660 -65236.00
     12690 -54017.00
     12720 -115012.00
     12750 -161142.00
     12780 -37293.00
     12810 -31.00
     12840 -41654.00
     12870 -66525.00
     12900 -136428.00
     12930 -124633.00
     12960 -69091.00
     12990 -14549.00
     13020 -17176.00
     13050 -62771.00
     13080 -4794.00
     13110 -21631.00
     13620 -3996.00
     13650 -152828.00
     13680 -93881.00
     13710 -18168.00
     13740 -23353.00
     13770 -82124.00
     13800 -510.00
     13830 -8297.00
     13860 -46822.00
     13890 -127179.00
     13920 -208341.00
     13950 -243717.00
     13980 -275449.00
     14010 -264547.00
     14040 -110472.00
     14070 -41835.00
     14100 -91500.00
     14130 -134035.00
     14160 -138579.00
     14190 -169401.00
     14220 -14000.00
     14250 -18245.00
     14280 -27918.00
     14310 -37213.00
     14340 -178604.00
     14370 -202607.00
     14400 -98355.00
     14430 -12307.00
     14460 -210746.00
     14490 -255884.00
     14520 -220220.00
     14550 -232034.00
     14580 -262364.00
     14610 -171195.00
     14640 -132947.00
     14670 -159940.00
     14700 -114960.00
     14730 -94374.00
     14760 -27909.00
     14790 -44823.00
     14820 -40105.00
     14850 -114179.00
     14880 -192498.00
     14910 -187438.00
     14940 -226090.00
     14970 -197793.00
     15000 -106943.00
     15030 -107479.00
     15060 -118571.00
     15090 -98152.00
     15120 -36636.00
     15150 -35549.00
     15180 -18188.00
     15210 -85021.00
     15240 -67519.00
     15270 -158255.00
     15300 -201427.00
     15330 -189339.00
     15360 -167137.00
     15390 -155665.00
     15420 -143700.00
     15450 -70185.00
     15480 -77093.00
     15510 -21093.00
     15540 -84740.00
     15570 -71789.00
     15600 -50079.00
     15630 -93251.00
     15660 -105586.00
     15690 -71665.00
     15720 -58837.00
     15750 -223630.00
     15780 -227577.00
     15810 -215119.00
     15840 -174167.00
     15870 -131119.00
     15900 -120758.00
     15930 -267665.00
     15960 -236952.00
     15990 -240405.00
     16020 -149004.00
     16050 -174291.00
     16080 -143454.00
     16110 -220546.00
     16140 -208828.00
     16170 -211665.00
     16200 -184652.00
     16230 -64141.00
     16260 -109286.00
     16290 -172564.00
     16320 -195260.00
     16350 -240775.00
     16380 -229181.00
     16410 -239295.00
     16440 -236952.00
     16470 -220300.00
     16500 -236458.00
     16530 -223753.00
     16560 -112493.00
     16590 -136176.00
     16620 -138767.00
     16650 -208581.00
     16680 -167877.00
     16710 -141604.00
     16740 -112123.00
     16770 -153075.00
     16800 -143454.00
     16830 -143207.00
     16860 -118907.00
     16890 -97198.00
     16920 -69938.00
     16950 -30344.00
     16980 -27383.00
     17010 -131489.00
     17040 -127172.00
     17070 -85850.00
     17100 -22696.00
     17130 -23066.00
     17160 -157145.00
     17190 -211418.00
     17220 -211542.00
     17250 -192916.00
     17280 -162079.00
     17310 -73762.00
     17340 -145427.00
     17370 -217339.00
     17400 -180828.00
     17430 -110890.00
     17460 -49833.00
     17490 -129885.00
     17520 -167507.00
     17550 -147031.00
     17580 -192423.00
     17610 -174661.00
     17640 -144564.00
     17670 -143577.00
     17700 -18872.00
     17730 -206978.00
     17760 -254467.00
     17790 -258414.00
     17820 -219806.00
     17850 -215119.00
     17880 -203154.00
     17910 -196863.00
     17940 -200441.00
     17970 -180828.00
     18000 -170220.00
     18030 -117427.00
     18060 -70185.00
     18090 -184899.00
     18120 -163683.00
     18150 -165780.00
     18180 -141110.00
     18210 -135436.00
     18240 -148758.00
     18270 -107066.00
     18300 -8758.00
     18360 -35154.00
     18390 -63154.00
     18420 -33797.00
     18450 -112863.00
     18480 -105586.00
     18510 -88441.00
     18540 -107930.00
     18570 -88194.00
     18600 -1604.00
     18660 -11595.00
     18690 -30590.00
     18750 -247.00
     19020 -28247.00
     19050 -66731.00
     19080 -63278.00
     19110 -22943.00
     19140 -65991.00
     19170 -32934.00
     19680 -101022.00
     19710 -270379.00
     19740 -259524.00
     19770 -242613.00
     19800 -248953.00
     19830 -206707.00
     19860 -180355.00
     19890 -163847.00
     19920 -143671.00
     19950 -163569.00
     19980 -164770.00
     20010 -164937.00
     20040 -184849.00
     20070 -170810.00
     20100 -148901.00
     20130 -148595.00
     20160 -148595.00
     20190 -144566.00
     20220 -150937.00
     20250 -140672.00
     20280 -115527.00
     20310 -134635.00
     20340 -106177.00
     20370 -132939.00
     20400 -127661.00
     20430 -132316.00
     20460 -123804.00
     20490 -110948.00
