# Well Pumping Time Series Data for Well 102397 : Berwick7
# Created on 12-Aug-2016 13:17:55
# Column-1: Time in days from beginning of model
# Column-2: Pumping Volume in cubic meters
         0  0.00
     10350 -5185.00
     10410 -16102.00
     10440 -14922.00
     10470 -12031.00
     10500 -9401.00
     10530 -10548.00
     10560 -76860.00
     10590 -60193.00
     10620 -74103.00
     10650 -70815.00
     10680 -153689.00
     10710 -199053.00
     10740 -174590.00
     10770 -117829.00
     10800 -103804.00
     10830 -20878.00
     10860 -43177.00
     10890 -16894.00
     10920 -4887.00
     10980 -77614.00
     11010 -170779.00
     11040 -197971.00
     11070 -207197.00
     11100 -199914.00
     11130 -164186.00
     11160 -143753.00
     11190 -150538.00
     11220 -70594.00
     11280 -54.00
     11310 -33388.00
     11340 -79661.00
     11370 -195273.00
     11400 -194290.00
     11430 -198819.00
     11460 -210097.00
     11490 -191810.00
     11520 -170818.00
     11550 -134579.00
     11580 -121412.00
     11610 -37508.00
     11640 -18253.00
     11670 -21909.00
     11700 -4978.00
     11730 -74507.00
     11760 -83699.00
     11790 -84319.00
     11820 -71967.00
     11850 -104917.00
     11880 -85742.00
     11910 -84067.00
     11940 -44602.00
     11970 -89810.00
     12000 -58919.00
     12030 -21374.00
     12090 -91897.00
     12120 -168533.00
     12150 -196751.00
     12180 -191373.00
     12210 -198017.00
     12240 -139293.00
     12270 -126117.00
     12300 -66828.00
     12330 -87834.00
     12360 -60080.00
     12390 -8508.00
     12420 -3429.00
     12450 -7277.00
     12480 -60788.00
     12510 -125115.00
     12540 -98228.00
     12570 -70764.00
     12600 -40918.00
     12630 -11129.00
     12660 -46728.00
     12690 -38018.00
     12720 -44667.00
     12750 -38338.00
     12780 -55589.00
     12810 -15542.00
     12840 -77149.00
     12870 -26015.00
     12900 -92265.00
     12930 -54255.00
     12960 -15597.00
     12990 -187.00
     13020 -8033.00
     13050 -92262.00
     13080 -2517.00
     13110 -95459.00
     13140 -23500.00
     13170 -311.00
     13200 -210.00
     13260 -9829.00
     13320 -54.00
     13380 -116.00
     13470 -331.00
     13500 -14181.00
     13530 -26731.00
     13560 -17837.00
     13590 -24361.00
     13620 -28909.00
     13650 -34044.00
     13680 -2622.00
     13710 -193.00
     13740 -1339.00
     13770 -19284.00
     13800 -954.00
     13830 -34.00
     13890 -7665.00
     13920 -39057.00
     13950 -18904.00
     13980 -88028.00
     14010 -68110.00
     14040 -26924.00
     14070 -498.00
     14100 -24545.00
     14130 -12717.00
     14160 -79757.00
     14190 -24806.00
     14220 -210.00
     14280 -17.00
     14310 -804.00
     14340 -9387.00
     14370 -48241.00
     14400 -309.00
     14430 -218.00
     14460 -32145.00
     14490 -128992.00
     14520 -129624.00
     14550 -70439.00
     14580 -83830.00
     14610 -20602.00
     14640 -8424.00
     14670 -10704.00
     14730 -4417.00
     14760 -1011.00
     14790 -1441.00
     14820 -11.00
     14850 -2367.00
     14880 -61128.00
     14910 -135247.00
     14940 -123170.00
     14970 -72409.00
     15000 -2960.00
     15030 -1254.00
     15060 -1246.00
     15090 -589.00
     15120 -563.00
     15150 -184.00
     15210 -915.00
     15270 -11595.00
     15300 -66608.00
     15330 -71912.00
     15360 -16405.00
     15390 -19119.00
     15420 -493.00
     15450 -370.00
     15510 -123.00
     15540 -247.00
     15570 -987.00
     15630 -2344.00
     15660 -10855.00
     15690 -33304.00
     15720 -37004.00
     15750 -15419.00
     15780 -20969.00
     15810 -37744.00
     15840 -19736.00
     15870 -18749.00
     15900 -2344.00
     15930 -28987.00
     15960 -37374.00
     15990 -26150.00
     16020 -6291.00
     16050 -9621.00
     16080 -21709.00
     16110 -64511.00
     16140 -65498.00
     16170 -29357.00
     16200 -7278.00
     16230 -1110.00
     16260 -617.00
     16290 -987.00
     16320 -45762.00
     16350 -67841.00
     16380 -18009.00
     16410 -53780.00
     16440 -46009.00
     16470 -23313.00
     16500 -13692.00
     16530 -21093.00
     16560 -370.00
     16620 -123.00
     16650 -21463.00
     16680 -740.00
     16710 -4564.00
     16740 -7031.00
     16770 -69445.00
     16800 -13198.00
     16830 -3700.00
     16860 -4194.00
     16890 -12828.00
     16920 -123.00
     16980 -493.00
     17010 -7771.00
     17040 -45392.00
     17070 -6661.00
     17100 -27013.00
     17130 -66608.00
     17160 -43418.00
     17190 -40705.00
     17220 -39471.00
     17250 -45762.00
     17280 -24423.00
     17310 -19859.00
     17340 -14925.00
     17370 -61057.00
     17400 -11101.00
     17430 -4687.00
     17460 -5921.00
     17490 -20969.00
     17520 -62907.00
     17550 -120511.00
     17580 -114467.00
     17610 -111013.00
     17640 -46256.00
     17670 -57110.00
     17700 -30220.00
     17730 -61057.00
     17760 -82150.00
     17790 -103119.00
     17820 -37251.00
     17850 -74626.00
     17880 -60070.00
     17910 -78079.00
     17940 -118414.00
     17970 -113850.00
     18000 -60687.00
     18030 -24176.00
     18060 -12828.00
     18090 -105092.00
     18120 -95965.00
     18150 -108916.00
     18180 -78573.00
     18210 -32687.00
     18240 -85850.00
     18270 -51066.00
     18300 -80670.00
     18330 -36005.00
     18360 -40458.00
     18390 -7648.00
     18420 -1233.00
     18450 -45515.00
     18480 -49709.00
     18510 -38115.00
     18540 -87577.00
     18570 -17145.00
     18600 -3454.00
     18690 -9128.00
     18720 -3947.00
     18750 -4317.00
     19650 -131859.00
     19680 -72035.00
     19740 -69322.00
     19770 -104599.00
     19800 -98481.00
     19830 -5733.00
     19860 -81147.00
     19890 -98792.00
     19920 -80952.00
     19950 -54485.00
     19980 -46386.00
     20010 -50044.00
     20040 -84721.00
     20070 -65165.00
     20190 -36397.00
     20220 -79371.00
     20250 -74892.00
     20280 -91497.00
     20310 -102671.00
     20340 -83334.00
     20370 -114850.00
     20400 -109345.00
     20430 -115405.00
     20460 -101541.00
     20490 -90549.00
