# Well Pumping Time Series Data for Well 102500 : Berwick7
# Created on 12-Aug-2016 13:17:55
# Column-1: Time in days from beginning of model
# Column-2: Pumping Volume in cubic meters
         0  0.00
       840 -88811.00
       870 -117181.00
       900 -117181.00
       930 -117181.00
       960 -123348.00
       990 -185022.00
      1020 -192423.00
      1050 -154185.00
      1290 -49339.00
      1320 -49339.00
      1350 -61674.00
      1380 -61674.00
      1410 -61674.00
      1440 -49339.00
      1680 -24670.00
      1710 -22203.00
      2640 -13445.00
      2670 -12952.00
      2700 -166520.00
      2730 -169110.00
      2760 -152952.00
      2790 -172687.00
      2820 -172687.00
      2850 -172687.00
      2880 -105833.00
      2910 -96581.00
      2940 -82643.00
      2970 -69322.00
      3000 -13445.00
      3030 -12952.00
      3060 -12952.00
      3090 -61674.00
      3120 -61674.00
      3150 -80176.00
      3180 -80176.00
      3210 -80176.00
      3240 -104846.00
      3270 -96581.00
      3300 -82643.00
      3330 -69322.00
      3360 -69322.00
      3390 -13445.00
      3420 -12952.00
      3450 -166520.00
      3480 -169110.00
      3510 -152952.00
      3540 -172687.00
      3570 -172687.00
      3600 -172687.00
      3630 -105833.00
      3660 -96581.00
      3690 -82643.00
      3720 -13445.00
      3750 -12952.00
      3780 -166520.00
      3810 -169110.00
      3840 -152952.00
      3870 -172687.00
      3900 -172687.00
      3930 -172687.00
      3960 -105833.00
      3990 -96581.00
      4020 -82643.00
      4050 -69322.00
      4080 -13445.00
      4110 -12952.00
      4140 -166520.00
      4170 -169110.00
      4200 -152952.00
      4230 -172687.00
      4260 -172687.00
      4290 -172687.00
      4320 -105833.00
      4350 -96581.00
      4380 -82643.00
      4410 -13445.00
      4440 -12952.00
      4470 -61674.00
      4500 -123348.00
      4530 -123348.00
      4560 -123348.00
      4590 -123348.00
      4620 -12335.00
      4650 -105833.00
      4680 -96581.00
      4710 -82643.00
      4740 -69322.00
      4770 -69322.00
      4800 -12952.00
      4830 -61674.00
      4860 -123348.00
      4890 -123348.00
      4920 -123348.00
      4950 -123348.00
      4980 -12335.00
      5010 -105833.00
      5040 -96581.00
      5070 -82643.00
      5100 -69322.00
      5130 -69322.00
      5160 -13445.00
      5190 -12952.00
      5220 -166520.00
      5250 -169110.00
      5280 -152952.00
      5310 -172687.00
      5340 -172687.00
      5370 -172687.00
      5400 -105833.00
      5430 -96581.00
      5460 -82643.00
      5490 -69322.00
      5520 -13445.00
      5550 -12952.00
      5580 -166520.00
      5610 -169110.00
      5640 -152952.00
      5670 -172687.00
      5700 -172687.00
      5730 -172687.00
      5760 -105833.00
      5790 -96581.00
      5820 -82643.00
      5850 -69322.00
      6120 -96581.00
      6150 -82643.00
      6180 -69322.00
      6210 -13445.00
      6240 -12952.00
      6270 -166520.00
      6300 -169110.00
      6330 -152952.00
      6360 -172687.00
      6390 -172687.00
      6420 -172687.00
      6450 -105833.00
      6480 -96581.00
      6510 -82643.00
      6540 -69322.00
      6570 -2467.00
      6600 -9744.00
      6630 -30097.00
      6660 -22819.00
      6690 -30837.00
      6720 -59330.00
      6750 -30467.00
      6780 -55630.00
      6810 -50943.00
      6840 -39225.00
      6870 -35278.00
      6900 -20476.00
      7680 -4317.00
      7710 -33674.00
      7740 -30590.00
      7800 -16159.00
      7830 -31577.00
      8160 -41075.00
      8190 -94978.00
      8220 -100405.00
      8250 -62907.00
      8280 -47982.00
      8310 -26767.00
      8520 -41075.00
      8550 -94978.00
      8580 -100405.00
      8610 -62907.00
      8640 -47982.00
      8670 -26767.00
      8730 -69322.00
      8760 -12952.00
      8790 -61674.00
      8820 -123348.00
      8850 -123348.00
      8880 -123348.00
      8910 -123348.00
      8940 -12335.00
      8970 -105833.00
      9000 -96581.00
      9030 -82643.00
      9060 -69322.00
      9090 -69322.00
      9120 -12952.00
      9150 -61674.00
      9180 -123348.00
      9210 -148018.00
      9240 -148018.00
      9270 -148018.00
      9300 -86344.00
      9330 -105833.00
      9360 -96581.00
      9390 -82643.00
      9420 -69322.00
     10320 -174022.00
     10350 -153443.00
     10380 -158617.00
     10410 -128504.00
     10440 -146154.00
     10500 -12097.00
     10710 -76268.00
     10740 -190445.00
     10770 -44355.00
     10800 -56115.00
     10830 -131534.00
     10860 -97226.00
