# Well Pumping Time Series Data for Well 100959 : Scarlett6
# Created on 12-Aug-2016 13:17:54
# Column-1: Time in days from beginning of model
# Column-2: Pumping Volume in cubic meters
         0  0.00
     10620 -50025.00
     10650 -57706.00
     10680 -56153.00
     10710 -40844.00
     10890 -6057.00
     10920 -461.00
     10980 -24017.00
     11010 -28406.00
     11040 -24263.00
     11070 -22956.00
     11340 -10617.00
     11370 -1655.00
     11400 -1040.00
     11430 -655.00
     11700 -24709.00
     11730 -24634.00
     12000 -25392.00
     12030 -45964.00
     12060 -3838.00
     12090 -614.00
     12120 -419.00
     12150 -422.00
     12180 -418.00
     12210 -141.00
     12270 -172.00
     12300 -177.00
     12330 -923.00
     12390 -323.00
     12420 -332.00
     12450 -313.00
     12480 -295.00
     12510 -322.00
     12540 -336.00
     12570 -323.00
     12600 -322.00
     12630 -324.00
     12660 -321.00
     12690 -331.00
