# Well Pumping Time Series Data for Well 101300 : Pearce
# Created on 12-Aug-2016 13:17:54
# Column-1: Time in days from beginning of model
# Column-2: Pumping Volume in cubic meters
         0  0.00
      9360 -62133.00
      9390 -29985.00
      9420 -54925.00
      9450 -29985.00
      9480 -6928.00
      9510 -54925.00
      9540 -72747.00
      9570 -91271.00
      9600 -88687.00
      9630 -85430.00
      9660 -227616.00
      9690 -211637.00
      9720 -143756.00
      9750 -62133.00
      9780 -29985.00
      9810 -6928.00
      9840 -54925.00
      9870 -72747.00
      9900 -91271.00
      9930 -88687.00
      9960 -85430.00
      9990 -227616.00
     10020 -211637.00
     10050 -173956.00
     10080 -183553.00
     10110 -87116.00
     10140 -46894.00
     10170 -59199.00
     10200 -35947.00
     10230 -1515.00
     10260 -83668.00
     10290 -150594.00
     10320 -148275.00
     10350 -276386.00
     10380 -263267.00
     10410 -250377.00
     10440 -23073.00
     10500 -143959.00
     10530 -200951.00
     10560 -310527.00
     10590 -324199.00
     10620 -285868.00
     10650 -296544.00
     10680 -297879.00
     10710 -291281.00
     10740 -297825.00
     10770 -288951.00
     10800 -269791.00
     10830 -177521.00
     10860 -37974.00
     10890 -1154.00
     10920 -2721.00
     11010 -2104.00
     11040 -80188.00
     11070 -293925.00
     11100 -226786.00
     11130 -137957.00
     11160 -67037.00
     11190 -13510.00
     11220 -146670.00
     11250 -163646.00
     11280 -141714.00
     11310 -34698.00
     11340 -83516.00
     11370 -259911.00
     11400 -59301.00
     11490 -1747.00
     11550 -68.00
     11580 -1801.00
     11610 -2415.00
     11640 -934.00
     11670 -422.00
     11730 -1903.00
     11760 -24944.00
     11820 -224.00
     11850 -343.00
     11970 -25409.00
     12000 -5709.00
     12030 -29866.00
     12060 -9996.00
     12090 -76215.00
     12120 -366391.00
     12150 -389374.00
     12180 -381874.00
     12210 -360674.00
     12240 -228805.00
     12390 -2602.00
     12420 -1926.00
     12450 -960.00
     12480 -86587.00
     12510 -136381.00
     12540 -207419.00
     12570 -174052.00
     12600 -179432.00
     12630 -250248.00
     12660 -307539.00
     12690 -311205.00
     12720 -207574.00
     12780 -88853.00
     12810 -247683.00
     12840 -282797.00
     12870 -209301.00
     12900 -277343.00
     12930 -250220.00
     12960 -184234.00
     12990 -48240.00
     13020 -15549.00
     13110 -139030.00
     13140 -140624.00
     13170 -8702.00
     13200 -24743.00
     13230 -92466.00
     13260 -217414.00
     13290 -101966.00
     13320 -107069.00
     13350 -48660.00
     13380 -6363.00
     13410 -4559.00
     13440 -104033.00
     13470 -126355.00
     13500 -124376.00
     13530 -163779.00
     13560 -293181.00
     13590 -290822.00
     13620 -304820.00
     13650 -262875.00
     13680 -118191.00
     13710 -21674.00
     13740 -29648.00
     13770 -255187.00
     13800 -53497.00
     13830 -117268.00
     13860 -26335.00
     13890 -267566.00
     13920 -79688.00
     13980 -233279.00
     14010 -340906.00
     14040 -245241.00
     14070 -141508.00
     14100 -246219.00
     14130 -307800.00
     14160 -325380.00
     14190 -382146.00
     14220 -151458.00
     14250 -138503.00
     14280 -166860.00
     14310 -169495.00
     14340 -157618.00
     14370 -305354.00
     14400 -210372.00
     14430 -66201.00
     14460 -13719.00
     14490 -1761.00
     14520 -105.00
     14580 -19870.00
     14610 -277304.00
     14640 -229780.00
     14670 -302032.00
     14700 -221427.00
     14730 -137412.00
     14760 -125674.00
     14790 -121999.00
     14820 -143942.00
     14850 -233740.00
     14880 -147311.00
     14910 -235228.00
     14940 -316655.00
     14970 -301481.00
     15000 -265322.00
     15030 -268562.00
     15060 -272949.00
     15090 -248630.00
     15120 -128133.00
     15150 -111262.00
     15180 -108558.00
     15210 -241483.00
     15240 -204283.00
     15270 -280740.00
     15300 -296405.00
     15330 -294555.00
     15360 -159982.00
     15390 -201057.00
     15420 -266925.00
     15450 -192916.00
     15480 -211295.00
     15510 -101762.00
     15540 -208952.00
     15570 -273463.00
     15600 -189709.00
     15630 -15789.00
     15660 -213269.00
     15690 -295048.00
     15720 -287524.00
     15750 -293198.00
     15780 -305163.00
     15810 -287648.00
     15840 -283330.00
     15870 -263965.00
     15900 -262978.00
     15930 -70062.00
     15990 -318114.00
     16020 -287894.00
     16050 -277533.00
     16080 -294925.00
     16110 -313057.00
     16140 -298872.00
     16170 -261004.00
     16200 -244599.00
     16230 -210308.00
     16260 -249656.00
     16290 -281233.00
     16320 -248916.00
     16350 -170590.00
     16380 -273586.00
     16410 -284687.00
     16440 -280863.00
     16470 -277040.00
     16500 -246943.00
     16530 -252987.00
     16560 -197850.00
     16590 -205621.00
     16620 -235595.00
     16680 -32564.00
     16710 -331436.00
     16740 -280000.00
     16770 -275436.00
     16800 -223260.00
     16830 -226344.00
     16860 -307507.00
     16890 -297639.00
     16920 -278026.00
     16950 -227700.00
     16980 -213515.00
     17010 -188722.00
     17040 -15542.00
     17070 -264335.00
     17100 -260388.00
     17130 -292952.00
     17160 -284317.00
     17190 -277286.00
     17220 -278396.00
     17250 -277410.00
     17280 -263101.00
     17310 -250520.00
     17340 -267295.00
     17370 -290238.00
     17400 -257057.00
     17430 -268405.00
     17460 -193780.00
     17490 -230661.00
     17520 -245586.00
     17550 -251507.00
     17580 -278396.00
     17610 -260388.00
     17640 -255700.00
     17670 -313551.00
     17700 -316881.00
     17730 -193780.00
     17790 -120264.00
     17820 -279507.00
     17850 -281233.00
     17880 -275806.00
     17910 -284440.00
     17940 -204634.00
     17970 -239048.00
     18000 -308493.00
     18030 -250150.00
     18060 -278273.00
     18090 -283207.00
     18120 -274079.00
     18150 -296652.00
     18180 -283330.00
     18210 -300846.00
     18240 -214132.00
     18270 -300229.00
     18300 -86467.00
     18330 -72874.00
     18360 -113850.00
     18390 -10115.00
     18420 -139753.00
     18450 -297762.00
     18480 -286167.00
     18510 -263965.00
     18540 -287401.00
     18570 -169604.00
     18600 -150361.00
     18630 -173921.00
     18660 -171330.00
     18690 -198590.00
     18720 -174291.00
     18750 -43665.00
     18780 -89674.00
     18810 -285551.00
     18840 -259524.00
     18870 -277656.00
     18900 -266678.00
     18930 -255207.00
     18960 -162326.00
     18990 -236828.00
     19020 -212529.00
     19050 -206608.00
     19080 -185022.00
     19110 -104229.00
     19140 -157392.00
     19170 -248423.00
     19200 -260634.00
     19230 -219683.00
     19260 -152705.00
     19290 -232388.00
     19320 -299119.00
     19350 -313304.00
     19380 -286291.00
     19440 -301092.00
     19470 -287277.00
     19500 -283084.00
     19530 -276916.00
     19560 -188846.00
     19590 -246449.00
     19620 -194643.00
     19860 -7793.00
     19890 -273206.00
     19920 -14804.00
     19950 -105186.00
     19980 -121360.00
     20010 -225130.00
     20040 -199342.00
     20070 -230247.00
     20100 -251884.00
     20130 -244578.00
     20160 -244578.00
     20190 -241491.00
     20220 -65446.00
     20460 -66932.00
     20490 -192212.00
