# Well Pumping Time Series Data for Well 102394 : Begonia1
# Created on 12-Aug-2016 13:17:55
# Column-1: Time in days from beginning of model
# Column-2: Pumping Volume in cubic meters
         0  0.00
      6570 -46872.00
      6600 -42062.00
      6630 -28863.00
      6660 -39718.00
      6690 -42185.00
      6720 -39718.00
      6750 -37621.00
      6780 -37004.00
      6810 -32564.00
      6840 -35648.00
      6870 -32441.00
      6900 -35031.00
      6930 -61427.00
      6960 -52793.00
      6990 -33181.00
      7020 -8141.00
      7050 -47982.00
      7080 -38978.00
      7110 -24670.00
      7140 -3947.00
      7170 -11471.00
      7200 -33427.00
      7230 -11718.00
      7290 -23806.00
      7320 -54643.00
      7350 -32934.00
      7380 -32441.00
      7410 -19119.00
      7440 -45392.00
      7470 -41692.00
      7500 -42062.00
      7530 -49956.00
      7560 -21216.00
      7590 -27013.00
      7620 -21339.00
      7650 -46749.00
      7680 -53656.00
      7710 -48722.00
      7740 -15048.00
      7770 -9128.00
      7800 -58467.00
      7830 -57233.00
      7860 -38115.00
      7890 -56370.00
      7920 -40335.00
      7950 -51436.00
      7980 -34167.00
      8010 -17515.00
      8070 -45639.00
      8100 -3454.00
      8130 -30960.00
      8160 -47736.00
      8190 -50696.00
      8220 -43789.00
      8250 -44405.00
      8280 -31084.00
      8310 -39348.00
      8340 -11841.00
      8370 -17515.00
      8430 -45639.00
      8460 -3454.00
      8490 -30960.00
      8520 -47736.00
      8550 -50696.00
      8580 -43789.00
      8610 -44405.00
      8640 -31084.00
      8670 -39348.00
      8700 -11841.00
