# Well Pumping Time Series Data for Well 101291 : LL5
# Created on 12-Aug-2016 13:17:54
# Column-1: Time in days from beginning of model
# Column-2: Pumping Volume in cubic meters
         0  0.00
        90 -48229.00
       150 -6537.00
       180 -21586.00
       210 -33181.00
       240 -35894.00
       270 -12335.00
       300 -6784.00
       330 -863.00
       360 -51930.00
       390 -49709.00
       420 -48229.00
       450 -48229.00
       510 -6537.00
       540 -21586.00
       570 -33181.00
       600 -35894.00
       630 -12335.00
       660 -6784.00
       690 -863.00
       720 -51930.00
       750 -49709.00
       780 -48229.00
       810 -48229.00
       870 -6537.00
       900 -21586.00
       930 -33181.00
       960 -35894.00
       990 -37004.00
      1020 -37004.00
      1050 -37004.00
      1080 -51930.00
      1110 -49709.00
      1140 -48229.00
      1170 -48229.00
      1230 -6537.00
      1260 -21586.00
      1290 -33181.00
      1320 -35894.00
      1350 -12335.00
      1380 -6784.00
      1410 -863.00
      1440 -51930.00
      1470 -49709.00
      1500 -48229.00
      1530 -48229.00
      1590 -6537.00
      1620 -21586.00
      1650 -33181.00
      1680 -35894.00
      1710 -12335.00
      1740 -6784.00
      1770 -863.00
      1800 -51930.00
      1830 -49709.00
      1860 -48229.00
      1890 -48229.00
      1950 -6537.00
      1980 -21586.00
      2010 -33181.00
      2040 -35894.00
      2070 -12335.00
      2100 -6784.00
      2130 -863.00
      2160 -51930.00
      2190 -49709.00
      2220 -48229.00
      2250 -48229.00
      2310 -6537.00
      2340 -21586.00
      2370 -33181.00
      2400 -35894.00
      2430 -12335.00
      2460 -6784.00
      2490 -863.00
      2520 -51930.00
      2550 -49709.00
      2580 -48229.00
      2610 -48229.00
      2670 -6537.00
      2700 -21586.00
      2730 -33181.00
      2760 -35894.00
      2790 -12335.00
      2820 -6784.00
      2850 -863.00
      2880 -51930.00
      2910 -49709.00
      2940 -48229.00
      2970 -49216.00
      3030 -6537.00
      3060 -21586.00
      3090 -33181.00
      3120 -35894.00
      3150 -12335.00
      3180 -6784.00
      3210 -863.00
      3240 -51930.00
      3270 -49709.00
      3300 -48229.00
      3330 -49216.00
      3360 -49216.00
      3420 -6537.00
      3450 -21586.00
      3480 -33181.00
      3510 -35894.00
      3540 -12335.00
      3570 -6784.00
      3600 -863.00
      3630 -51930.00
      3660 -49709.00
      3690 -48229.00
      3750 -6537.00
      3780 -21586.00
      3810 -33181.00
      3840 -35894.00
      3870 -12335.00
      3900 -6784.00
      3930 -863.00
      3960 -51930.00
      3990 -49709.00
      4020 -48229.00
      4050 -49216.00
      4110 -6537.00
      4140 -21586.00
      4170 -33181.00
      4200 -35894.00
      4230 -12335.00
      4260 -6784.00
      4290 -863.00
      4320 -51930.00
      4350 -49709.00
      4380 -48229.00
      4440 -6537.00
      4470 -21586.00
      4500 -33181.00
      4530 -35894.00
      4560 -12335.00
      4590 -6784.00
      4620 -863.00
      4650 -51930.00
      4680 -49709.00
      4710 -48229.00
      4740 -49216.00
      4770 -49216.00
      4800 -6537.00
      4830 -21586.00
      4860 -33181.00
      4890 -35894.00
      4920 -12335.00
      4950 -6784.00
      4980 -863.00
      5010 -51930.00
      5040 -49709.00
      5070 -48229.00
      5100 -49216.00
      5130 -49216.00
      5190 -6537.00
      5220 -21586.00
      5250 -33181.00
      5280 -35894.00
      5310 -12335.00
      5340 -6784.00
      5370 -863.00
      5400 -51930.00
      5430 -49709.00
      5460 -48229.00
      5490 -49216.00
      5550 -6537.00
      5580 -21586.00
      5610 -33181.00
      5640 -35894.00
      5670 -12335.00
      5700 -6784.00
      5730 -863.00
      5760 -51930.00
      5790 -49709.00
      5820 -48229.00
      5850 -49216.00
      6120 -49709.00
      6150 -48229.00
      6180 -49216.00
      6240 -6537.00
      6270 -21586.00
      6300 -33181.00
      6330 -35894.00
      6360 -12335.00
      6390 -6784.00
      6420 -863.00
      6450 -51930.00
      6480 -49709.00
      6510 -48229.00
      6540 -49216.00
      6570 -20846.00
      6600 -46626.00
      6630 -44282.00
      6660 -45022.00
      6690 -43665.00
      6720 -43418.00
      6750 -43542.00
      6780 -42678.00
      6810 -41198.00
      6840 -39471.00
      6870 -37251.00
      6900 -27753.00
      7050 -25903.00
      7080 -27383.00
      7110 -24793.00
      7140 -39718.00
      7170 -46009.00
      7200 -25410.00
      7290 -18132.00
      7320 -36264.00
      7380 -7278.00
      7410 -1974.00
      7440 -50079.00
      7470 -40211.00
      7500 -49586.00
      7530 -48599.00
      7560 -32070.00
      7590 -9498.00
      7620 -247.00
      7680 -26026.00
      7710 -48599.00
      7740 -47982.00
      7770 -51436.00
      7800 -51806.00
      7830 -52793.00
      7860 -9004.00
      7890 -12458.00
      7920 -14678.00
      7950 -29727.00
      7980 -49833.00
      8010 -8881.00
      8070 -28370.00
      8100 -4934.00
      8130 -43665.00
      8160 -47736.00
      8190 -50696.00
      8220 -43789.00
      8250 -44405.00
      8280 -31084.00
      8310 -68335.00
      8340 -11841.00
      8370 -8881.00
      8430 -28370.00
      8460 -4934.00
      8490 -43665.00
      8520 -47736.00
      8550 -50696.00
      8580 -43789.00
      8610 -44405.00
      8640 -31084.00
      8670 -68335.00
      8700 -11841.00
      8730 -49216.00
      8760 -6537.00
      8790 -21586.00
      8820 -33181.00
      8850 -35894.00
      8880 -12335.00
      8910 -6784.00
      8940 -863.00
      8970 -51930.00
      9000 -49709.00
      9030 -48229.00
      9060 -49216.00
      9090 -49216.00
      9120 -6537.00
      9150 -21586.00
      9180 -33181.00
      9210 -35894.00
      9240 -12335.00
      9270 -6784.00
      9300 -863.00
      9330 -51930.00
      9360 -49709.00
      9390 -48229.00
      9420 -49216.00
      9780 -7597.00
      9840 -12222.00
      9870 -16058.00
      9900 -20623.00
      9990 -1824.00
     10200 -3636.00
     10230 -44052.00
     10260 -4044.00
     10350 -1376.00
     10440 -1388.00
     10530 -40363.00
     10560 -45358.00
     10590 -52971.00
     10620 -5348.00
     10680 -1906.00
     10860 -19761.00
     10890 -32776.00
     10920 -43579.00
     10950 -51493.00
     10980 -48801.00
     11010 -47955.00
     11040 -46649.00
     11100 -49502.00
     11130 -39671.00
     11160 -3898.00
     11220 -1654.00
     11250 -1683.00
     11280 -1744.00
     11340 -2328.00
     11370 -1724.00
     11400 -1654.00
     11430 -1696.00
     11460 -1931.00
     11490 -1653.00
     11520 -1683.00
     11550 -1932.00
     11580 -1718.00
     11640 -1803.00
     11670 -2133.00
     11700 -29522.00
     11730 -29183.00
     11760 -1582.00
     11790 -1648.00
     11820 -1773.00
     11850 -1822.00
     11880 -1745.00
     11910 -624.00
     11940 -1239.00
     11970 -1775.00
     12000 -26011.00
     12030 -48847.00
     12060 -3252.00
     12090 -2124.00
     12120 -222.00
     12150 -702.00
     12180 -675.00
     12210 -715.00
     12300 -451.00
     12330 -489.00
     12390 -393.00
     12420 -357.00
     12450 -354.00
     12480 -443.00
     12510 -475.00
     12540 -471.00
     12570 -451.00
     12600 -170.00
     12630 -456.00
     12660 -448.00
     12690 -468.00
     12720 -8844.00
     12750 -31805.00
     12780 -470.00
     12810 -440.00
     12840 -461.00
     12870 -677.00
     12930 -440.00
     12960 -429.00
     12990 -462.00
     13050 -12350.00
     13080 -16989.00
     13140 -128.00
     13200 -369.00
     13230 -420.00
     13260 -464.00
     13290 -467.00
     13410 -456.00
     13530 -347.00
     13560 -416.00
     13590 -474.00
     13620 -449.00
     13650 -448.00
     13680 -189.00
     13710 -430.00
     13740 -432.00
     13770 -6608.00
     13800 -22479.00
     13830 -40743.00
     13860 -21803.00
     13890 -2818.00
     13980 -388.00
     14010 -452.00
     14190 -2418.00
     14220 -8902.00
     14250 -2103.00
     14370 -7339.00
     14490 -2825.00
     14880 -35.00
     18870 -1480.00
     19230 -15665.00
     19260 -55877.00
     19290 -51066.00
     19530 -54890.00
     19560 -34291.00
     19980 -13730.00
     20220 -31650.00
     20250 -47002.00
     20280 -41037.00
     20310 -46810.00
     20340 -30791.00
     20370 -40991.00
     20400 -9658.00
     20430 -41688.00
