# Well Pumping Time Series Data for Well 101293 : Scarlett8
# Created on 12-Aug-2016 13:17:54
# Column-1: Time in days from beginning of model
# Column-2: Pumping Volume in cubic meters
         0  0.00
     11130 -20411.00
     11160 -139811.00
     11190 -145135.00
     11220 -60213.00
     11310 -24531.00
     11340 -97152.00
     11370 -205297.00
     11400 -187630.00
     11430 -200169.00
     11460 -193191.00
     11490 -156995.00
     11520 -127321.00
     11580 -28700.00
     11610 -5633.00
     11640 -18969.00
     11670 -170600.00
     11760 -176439.00
     11790 -212600.00
     11820 -211538.00
     11850 -185226.00
     11880 -189499.00
     11910 -140613.00
     11940 -161037.00
     11970 -182304.00
     12000 -139267.00
     12090 -80683.00
     12120 -206143.00
     12150 -211745.00
     12180 -209623.00
     12210 -86746.00
     12240 -72811.00
     12390 -1388.00
     12420 -2316.00
     12450 -2178.00
     12480 -11078.00
     12510 -3908.00
     12540 -2515.00
     12570 -2277.00
     12600 -2282.00
     12660 -2359.00
     12690 -2274.00
     12720 -2313.00
     12750 -2296.00
     12780 -2288.00
     12810 -2305.00
     12870 -2254.00
     12900 -2285.00
     12930 -2246.00
     12960 -2277.00
     12990 -2203.00
     13020 -2263.00
     13050 -64288.00
     13080 -175711.00
     13110 -102122.00
     13290 -6564.00
     13320 -2373.00
     13500 -2138.00
     13530 -2214.00
     13560 -2229.00
     13590 -2333.00
     13710 -99.00
     13740 -2101.00
     13800 -124584.00
     13830 -208660.00
     13860 -111359.00
     13890 -14374.00
     13950 -2229.00
     13980 -19631.00
     14010 -5772.00
     14160 -2568.00
     14190 -41912.00
     14220 -190204.00
     14250 -116594.00
     14400 -6601.00
     14490 -67682.00
     14520 -188884.00
     14550 -179200.00
     14580 -202117.00
     14610 -26719.00
     14850 -337.00
     14880 -15993.00
     14910 -34589.00
     14940 -30853.00
     14970 -16381.00
     15210 -534.00
     17790 -123965.00
     17820 -172070.00
     17850 -102379.00
     18150 -8264.00
