# Well Pumping Time Series Data for Well 101298 : Manor2
# Created on 12-Aug-2016 13:17:54
# Column-1: Time in days from beginning of model
# Column-2: Pumping Volume in cubic meters
         0  0.00
      2760 -92511.00
      2790 -154185.00
      2820 -123348.00
      3510 -123348.00
      3540 -37004.00
      3870 -61674.00
      3900 -75242.00
      6570 -38238.00
      6600 -65868.00
      6630 -46872.00
      6660 -61427.00
      6690 -60934.00
      6720 -51559.00
      6750 -54520.00
      6780 -52670.00
      6810 -46379.00
      6840 -29110.00
      6870 -12211.00
      6900 -15295.00
      6930 -106203.00
      6960 -69815.00
      6990 -70678.00
      7020 -36264.00
      7080 -25163.00
      7110 -1974.00
      7140 -96211.00
      7170 -113850.00
      7200 -113110.00
      7230 -104476.00
      7260 -93621.00
      7290 -140000.00
      7320 -113480.00
      7350 -73639.00
      7380 -90044.00
      7410 -139630.00
      7440 -127172.00
      7470 -98185.00
      7500 -111260.00
      7530 -111013.00
      7560 -53286.00
      7590 -50449.00
      7620 -46749.00
      7650 -120634.00
      7680 -93374.00
      7740 -66361.00
      7770 -151841.00
      7800 -169974.00
      7830 -178361.00
      7860 -109163.00
      7890 -135189.00
      7920 -70062.00
      7950 -138273.00
      7980 -108053.00
      8010 -73145.00
      8040 -22203.00
      8070 -140493.00
      8100 -122978.00
      8130 -145797.00
      8160 -162943.00
      8190 -144070.00
      8220 -141110.00
      8250 -84000.00
      8280 -67471.00
      8310 -109163.00
      8340 -22079.00
      8370 -73145.00
      8400 -22203.00
      8430 -140493.00
      8460 -122978.00
      8490 -145797.00
      8520 -162943.00
      8550 -144070.00
      8580 -98678.00
      8610 -84000.00
      8640 -67471.00
      8670 -109163.00
      8700 -22079.00
      9360 -69826.00
      9390 -73156.00
      9420 -56530.00
      9750 -73156.00
      9780 -56530.00
      9810 -24379.00
      9870 -937.00
      9900 -25295.00
      9930 -70786.00
      9960 -62274.00
      9990 -86709.00
     10020 -94160.00
     10050 -79458.00
     10080 -81612.00
     10110 -84228.00
     10140 -46076.00
     10170 -13596.00
     10230 -1291.00
     10260 -27957.00
     10350 -43323.00
     10380 -56092.00
     10410 -28107.00
     10440 -40607.00
     10470 -3083.00
     10500 -2917.00
     10530 -1911.00
     10560 -238.00
     10590 -3402.00
     10620 -8836.00
     10680 -27223.00
     10710 -46001.00
     10740 -39411.00
     10770 -8408.00
     11370 -991.00
     11400 -179343.00
     11430 -316861.00
     11460 -270752.00
     11490 -105553.00
     11520 -124642.00
     11550 -100607.00
     11580 -178396.00
     11610 -126701.00
     11640 -114683.00
     11670 -112364.00
     11700 -46253.00
     11730 -175594.00
     11760 -173591.00
     11790 -186381.00
     11820 -152097.00
     11850 -169203.00
     11880 -184034.00
     11910 -79588.00
     11940 -35511.00
     11970 -172125.00
     12000 -46838.00
     12030 -61513.00
     12060 -203606.00
     12090 -292422.00
     12120 -223238.00
     12150 -258332.00
     12180 -258662.00
     12210 -236394.00
     12240 -205367.00
     12270 -156338.00
     12300 -107204.00
     12330 -100537.00
     12360 -131565.00
     12390 -30845.00
     12420 -23163.00
     12450 -111302.00
     12480 -193616.00
     12510 -227592.00
     12540 -212922.00
     12570 -173254.00
     12600 -188737.00
     12630 -97540.00
     12660 -157257.00
     12690 -148584.00
     12720 -187902.00
     12750 -221047.00
     12780 -178777.00
     12810 -152828.00
     12840 -227925.00
     12870 -96974.00
     12900 -174990.00
     12930 -161853.00
     12960 -76537.00
     12990 -10964.00
     13020 -48379.00
     13050 -41289.00
     13080 -121815.00
     13110 -228121.00
     13140 -67804.00
     13170 -54.00
     13200 -665.00
     13230 -14243.00
     13260 -58743.00
     13290 -9152.00
     13320 -11851.00
     13350 -3678.00
     13380 -59.00
     13440 -60816.00
     13470 -43172.00
     13500 -62810.00
     13530 -93.00
     13560 -126307.00
     13590 -128533.00
     13620 -134043.00
     13650 -19697.00
     13740 -1523.00
     13770 -51905.00
     13800 -4854.00
     13830 -1184.00
     13860 -9095.00
     13890 -57727.00
     13920 -108334.00
     13950 -165767.00
     13980 -133090.00
     14010 -122811.00
     14040 -32814.00
     14070 -12728.00
     14100 -136.00
     14130 -94759.00
     14160 -67125.00
     14190 -160137.00
     14220 -4134.00
     14250 -1407.00
     14280 -28209.00
     14310 -16693.00
     14340 -46757.00
     14370 -137528.00
     14400 -30243.00
     14430 -667.00
     14460 -67846.00
     14490 -39577.00
     14520 -9820.00
     14550 -211114.00
     14580 -295949.00
     14610 -127236.00
     14640 -65386.00
     14670 -128648.00
     14700 -26857.00
     14730 -29172.00
     14760 -38114.00
     14790 -14827.00
     14820 -18267.00
     14850 -53190.00
     14880 -108542.00
     14910 -115722.00
     14940 -15628.00
     14970 -112556.00
     15000 -26890.00
     15030 -26932.00
     15060 -28778.00
     15090 -21575.00
     15120 -9857.00
     15150 -8639.00
     15180 -4146.00
     15210 -29951.00
     15240 -22829.00
     15270 -8511.00
     15330 -65498.00
     15360 -132846.00
     15390 -92758.00
     15420 -57233.00
     15450 -22943.00
     15480 -19736.00
     15510 -7524.00
     15540 -36264.00
     15570 -28247.00
     15600 -4194.00
     15630 -8758.00
     15660 -113974.00
     15690 -89304.00
     15720 -77709.00
     15750 -40088.00
     15780 -39348.00
     15810 -15172.00
     15900 -44529.00
     15930 -120758.00
     15960 -92141.00
     15990 -80300.00
     16020 -25656.00
     16050 -23683.00
     16080 -15048.00
     16110 -30344.00
     16140 -35401.00
     16170 -29233.00
     16200 -7771.00
     16260 -123.00
     16320 -11718.00
     16350 -18132.00
     16380 -1110.00
     16410 -9128.00
     16440 -7401.00
     16470 -56000.00
     16500 -13075.00
     16530 -14925.00
     16560 -1604.00
     16590 -247.00
     16620 -247.00
     16650 -24916.00
     16680 -1110.00
     16710 -5551.00
     16740 -10115.00
     16770 -82890.00
     16800 -13692.00
     16830 -3700.00
     16860 -4070.00
     16890 -5674.00
     16920 -370.00
     16980 -863.00
     17010 -22573.00
     17040 -75736.00
     17070 -50449.00
     17100 -34537.00
     17130 -36511.00
     17160 -28123.00
     17190 -32070.00
     17220 -29110.00
     17250 -23436.00
     17280 -10608.00
     17310 -10731.00
     17340 -7894.00
     17370 -15912.00
     17400 -19859.00
     17430 -13938.00
     17460 -7524.00
     17490 -17269.00
     17520 -18502.00
     17550 -19612.00
     17580 -16899.00
     17610 -16775.00
     17640 -11348.00
     17670 -17145.00
     17700 -16405.00
     17730 -17639.00
     17760 -17269.00
     17790 -21093.00
     17820 -17515.00
     17850 -17762.00
     17880 -7648.00
     17910 -10731.00
     17940 -16282.00
     17970 -13815.00
     18000 -4317.00
     18030 -1850.00
     18060 -987.00
     18090 -12458.00
     18120 -7524.00
     18150 -13568.00
     18180 -8758.00
     18210 -1850.00
     18240 -11471.00
     18270 -8388.00
     18300 -191066.00
     18330 -111334.00
     18810 -123.00
     18870 -2344.00
     18900 -2837.00
     18930 -1357.00
     18960 -370.00
     19110 -123.00
     19170 -2960.00
     19200 -1727.00
     19230 -3700.00
