# Well Pumping Time Series Data for Well 101290 : LL6
# Created on 12-Aug-2016 13:17:54
# Column-1: Time in days from beginning of model
# Column-2: Pumping Volume in cubic meters
         0  0.00
      6780 -9374.00
      6810 -34044.00
      6840 -31947.00
      6870 -27137.00
      6900 -23683.00
      6960 -26396.00
      7050 -16899.00
      7080 -22203.00
      7110 -28123.00
      7140 -35154.00
      7170 -51559.00
      7200 -31084.00
      7290 -20476.00
      7320 -33551.00
      7380 -6291.00
      7410 -1974.00
      7440 -51436.00
      7470 -45145.00
      7500 -60070.00
      7530 -67471.00
      7560 -42802.00
      7590 -11718.00
      7620 -370.00
      7680 -27630.00
      7710 -58714.00
      7740 -66978.00
      7770 -65744.00
      7800 -57110.00
      7830 -56987.00
      7860 -7524.00
      7890 -10855.00
      7920 -15048.00
      7950 -29727.00
      7980 -36758.00
      8010 -2344.00
      8070 -17885.00
      8100 -3207.00
      8130 -28863.00
      8160 -56247.00
      8190 -32811.00
      8220 -37744.00
      8250 -39348.00
      8280 -25533.00
      8310 -57850.00
      8340 -58960.00
      8370 -2344.00
      8430 -17885.00
      8460 -3207.00
      8490 -28863.00
      8520 -56247.00
      8550 -32811.00
      8580 -37744.00
      8610 -39348.00
      8640 -25533.00
      8670 -57850.00
      8700 -58960.00
      9360 -69038.00
      9390 -59553.00
      9780 -11337.00
      9840 -17700.00
      9870 -23192.00
      9900 -34654.00
      9990 -2759.00
     10200 -3837.00
     10230 -56614.00
     10260 -6125.00
     10350 -327.00
     10380 -653.00
     10440 -2133.00
     10530 -47282.00
     10560 -53323.00
     10590 -62901.00
     10620 -6285.00
     10680 -1841.00
     10860 -22839.00
     10890 -30643.00
     10920 -45004.00
     10950 -46624.00
     10980 -54625.00
     11010 -55472.00
     11040 -56592.00
     11100 -29950.00
     11130 -51024.00
     11160 -4782.00
     11220 -2135.00
     11250 -2341.00
     11280 -2179.00
     11340 -2910.00
     11370 -2106.00
     11400 -2019.00
     11430 -2096.00
     11460 -2248.00
     11490 -2081.00
     11520 -2109.00
     11550 -2435.00
     11580 -2176.00
     11640 -2223.00
     11670 -2676.00
     11700 -35363.00
     11730 -34680.00
     11760 -1892.00
     11790 -2060.00
     11820 -2138.00
     11850 -2228.00
     11880 -2063.00
     11910 -2079.00
     11940 -734.00
     11970 -2163.00
     12000 -41107.00
     12030 -61976.00
     12060 -4376.00
     12090 -713.00
     12120 -726.00
     12150 -801.00
     12180 -678.00
     12210 -739.00
     12270 -712.00
     12300 -716.00
     12330 -728.00
     12360 -663.00
     12390 -646.00
     12420 -642.00
     12450 -649.00
     12480 -684.00
     12510 -698.00
     12540 -722.00
     12570 -705.00
     12600 -694.00
     12630 -723.00
     12660 -704.00
     12690 -641.00
     12720 -13776.00
     12750 -39661.00
     12780 -590.00
     12810 -575.00
     12840 -586.00
     12870 -829.00
     12900 -556.00
     12930 -554.00
     12990 -571.00
     13020 -590.00
     13050 -15058.00
     13080 -21183.00
     13140 -196.00
     13200 -382.00
     13260 -564.00
     13320 -518.00
     13350 -384.00
     13500 -116.00
     13560 -117.00
     13590 -327.00
     13620 -358.00
     13650 -325.00
     13710 -830.00
     13740 -65.00
     13770 -430.00
     14040 -27.00
     14190 -20575.00
     14220 -61497.00
     14250 -3241.00
     14370 -12553.00
     14400 -61998.00
     14430 -64833.00
     14460 -17238.00
     14490 -3704.00
     14880 -10.00
     18810 -7278.00
     18840 -67471.00
     18870 -77339.00
     18900 -13198.00
     19200 -28863.00
     19230 -28247.00
     19260 -63031.00
     19290 -54520.00
     19530 -65991.00
     19560 -22819.00
     19950 -28752.00
     19980 -19162.00
     20220 -39602.00
     20250 -75292.00
     20280 -58847.00
     20310 -57303.00
     20340 -39318.00
     20370 -52133.00
     20400 -11911.00
     20430 -52054.00
