# Well Pumping Time Series Data for Well 101288 : Russell4
# Created on 12-Aug-2016 13:17:54
# Column-1: Time in days from beginning of model
# Column-2: Pumping Volume in cubic meters
         0  0.00
      7650 -6784.00
      7680 -2344.00
      8190 -16529.00
      8220 -24053.00
      8250 -24546.00
      8280 -30714.00
      8550 -16529.00
      8580 -24053.00
      8610 -24546.00
      8640 -30714.00
      9780 -6309.00
      9810 -1829.00
      9840 -13226.00
      9870 -6940.00
      9900 -1920.00
      9930 -929.00
      9960 -1190.00
     10050 -2526.00
     10080 -3372.00
     10110 -1013.00
     10140 -355.00
     10200 -323.00
     10230 -5117.00
     10500 -3208.00
     10890 -14492.00
     10920 -7819.00
     10980 -20895.00
     11010 -32356.00
     11040 -11548.00
     11070 -7312.00
     11220 -1098.00
     11250 -1159.00
     11280 -1119.00
     11340 -1320.00
     11370 -927.00
     11400 -1104.00
     11430 -1040.00
     11460 -1234.00
     11490 -1157.00
     11520 -1171.00
     11550 -11896.00
     11580 -29064.00
     11610 -28728.00
     11640 -25864.00
     11670 -30438.00
     11700 -190.00
     11730 -122.00
     11760 -839.00
     11790 -1025.00
     11820 -874.00
     11850 -1008.00
     11880 -1068.00
     11910 -1134.00
     11940 -766.00
     12000 -1117.00
     12090 -351.00
     12120 -353.00
     12150 -387.00
     12180 -348.00
     12210 -374.00
     12270 -285.00
     12300 -325.00
     12360 -15.00
     12390 -2303.00
     12420 -543.00
     12450 -360.00
     12480 -1968.00
     12510 -361.00
     12540 -368.00
     12570 -361.00
     12600 -373.00
     12630 -349.00
     12660 -349.00
     12690 -343.00
     12720 -7380.00
     12750 -5248.00
     12780 -367.00
     12810 -326.00
     12840 -331.00
     12870 -450.00
     12900 -362.00
     12930 -357.00
     12960 -366.00
     12990 -362.00
     13020 -345.00
     13050 -18826.00
     13200 -461.00
     13290 -296.00
     13320 -334.00
     13350 -368.00
     13380 -1368.00
     13410 -1352.00
     13440 -8398.00
     13470 -2960.00
     13500 -13990.00
     13530 -430.00
     13590 -708.00
     13620 -373.00
     13650 -357.00
     13680 -355.00
     13710 -345.00
     13740 -3574.00
     13770 -2684.00
     13830 -26.00
     13860 -7.00
     13950 -358.00
     13980 -964.00
     14010 -331.00
     14040 -344.00
     14070 -15330.00
     14100 -12749.00
     14160 -4995.00
     14250 -22.00
     14460 -5410.00
     14490 -8091.00
     14520 -13625.00
     14550 -1446.00
     14580 -4033.00
     14670 -8891.00
     14700 -27580.00
     14730 -26769.00
     14760 -22511.00
     14790 -23066.00
     14820 -30077.00
     14850 -29236.00
     14880 -16400.00
     14910 -21280.00
     14940 -28905.00
     14970 -29886.00
     15000 -28243.00
     15030 -29394.00
     15060 -28932.00
     15090 -27989.00
     15120 -29019.00
     15150 -27675.00
     15180 -28542.00
     15210 -28195.00
     15240 -25770.00
     15270 -29357.00
     15300 -33427.00
     15330 -34414.00
     15360 -32070.00
     15420 -30714.00
     15450 -29604.00
     15480 -28740.00
     15510 -24423.00
     15540 -25040.00
     15570 -6784.00
     15600 -28617.00
     15630 -9004.00
     15840 -617.00
     15900 -3824.00
     16050 -12581.00
     16080 -34044.00
     16110 -31700.00
     16140 -32070.00
     16170 -29357.00
     16200 -30960.00
     16230 -17639.00
     16260 -32194.00
     16290 -31700.00
     16320 -29974.00
     16350 -247.00
     16650 -6784.00
     16680 -26273.00
     16710 -29110.00
     16740 -21956.00
     16770 -26890.00
     16800 -27013.00
     16830 -29110.00
     16860 -7401.00
     17010 -26273.00
     17040 -31330.00
     17070 -34537.00
     17100 -32317.00
     17130 -31084.00
     17160 -28987.00
     17190 -20352.00
     17280 -24423.00
     17310 -11101.00
     17370 -27753.00
     17400 -25040.00
     17430 -20476.00
     17460 -5181.00
     17730 -1850.00
     17760 -17639.00
     17790 -17392.00
     17820 -17762.00
     17850 -10238.00
     18150 -2344.00
