# Well Pumping Time Series Data for Well 101301 : Cypress2
# Created on 12-Aug-2016 13:17:54
# Column-1: Time in days from beginning of model
# Column-2: Pumping Volume in cubic meters
         0  0.00
      9360 -145682.00
      9390 -36290.00
      9420 -96796.00
      9450 -36290.00
      9480 -49295.00
      9510 -96796.00
      9540 -109180.00
      9570 -133049.00
      9600 -155768.00
      9630 -125953.00
      9660 -247625.00
      9690 -226888.00
      9720 -235086.00
      9750 -145682.00
      9780 -36290.00
      9810 -49295.00
      9840 -96796.00
      9870 -109180.00
      9900 -133049.00
      9930 -155768.00
      9960 -125953.00
      9990 -247625.00
     10020 -226888.00
     10050 -35317.00
     10080 -239804.00
     10110 -265159.00
     10140 -127737.00
     10170 -151826.00
     10200 -72174.00
     10230 -4817.00
     10260 -154332.00
     10290 -225753.00
     10320 -161264.00
     10350 -249201.00
     10380 -260886.00
     10410 -192407.00
     10440 -213324.00
     10470 -184272.00
     10500 -70438.00
     10530 -201.00
     10620 -81902.00
     10650 -217942.00
     10680 -326632.00
     10710 -297080.00
     10740 -218645.00
     10770 -197428.00
     10800 -132826.00
     10830 -37746.00
     10860 -1436.00
     10920 -14.00
     11010 -767.00
     11040 -24328.00
     11070 -91026.00
     11100 -9027.00
     11130 -184.00
     11220 -841.00
     11250 -2101.00
     11280 -16138.00
     11310 -15360.00
     11340 -133224.00
     11370 -125186.00
     11400 -79746.00
     11430 -83212.00
     11460 -129741.00
     11490 -117538.00
     11520 -141267.00
     11550 -249747.00
     11580 -173478.00
     11610 -50966.00
     11640 -51605.00
     11670 -51044.00
     11700 -7923.00
     11730 -50647.00
     11760 -14555.00
     11820 -54265.00
     11850 -136706.00
     11880 -96422.00
     11910 -28436.00
     11940 -1665.00
     11970 -974.00
     12000 -2172.00
     12030 -3542.00
     12060 -57053.00
     12090 -65417.00
     12120 -24378.00
     12150 -63377.00
     12180 -63035.00
     12210 -122694.00
     12240 -140805.00
     12270 -117622.00
     12300 -73214.00
     12330 -44562.00
     12360 -1218.00
     12390 -493.00
     12420 -1798.00
     12450 -28175.00
     12480 -168127.00
     12510 -242818.00
     12540 -234216.00
     12570 -187899.00
     12600 -208361.00
     12630 -127018.00
     12660 -184521.00
     12690 -74010.00
     12750 -268123.00
     12780 -233720.00
     12810 -161956.00
     12840 -256488.00
     12870 -193800.00
     12900 -227588.00
     12930 -74983.00
     12960 -67102.00
     13170 -19389.00
     13200 -156012.00
     13230 -275178.00
     13260 -395120.00
     13290 -343864.00
     13320 -277533.00
     13350 -230167.00
     13380 -115207.00
     13410 -92511.00
     13440 -255824.00
     13470 -322308.00
     13500 -250396.00
     13530 -193410.00
     13560 -57357.00
     13590 -348705.00
     13620 -236952.00
     13650 -171207.00
     13680 -261785.00
     13710 -312874.00
     13740 -176712.00
     13770 -324396.00
     13800 -280391.00
     13830 -303306.00
     13860 -202680.00
     13890 -300054.00
     13920 -318498.00
     13950 -309576.00
     13980 -279462.00
     14010 -249278.00
     14040 -217883.00
     14070 -176250.00
     14100 -136084.00
     14130 -45467.00
     14160 -109434.00
     14190 -51595.00
     14250 -166885.00
     14280 -311253.00
     14310 -274039.00
     14340 -325187.00
     14370 -291456.00
     14400 -270757.00
     14430 -113856.00
     14460 -39559.00
     14490 -36832.00
     14520 -32839.00
     14550 -4933.00
     14580 -32352.00
     14610 -305283.00
     14640 -319903.00
     14670 -340899.00
     14700 -282271.00
     14730 -235698.00
     14760 -260265.00
     14790 -135555.00
     14820 -93060.00
     14850 -219209.00
     14880 -161731.00
     14910 -58607.00
     14940 -226865.00
     14970 -252948.00
     15000 -289128.00
     15030 -306195.00
     15060 -285439.00
     15090 -272243.00
     15120 -248798.00
     15150 -174151.00
     15180 -162621.00
     15210 -252133.00
     15240 -189064.00
     15270 -213392.00
     15300 -213392.00
     15330 -233621.00
     15360 -214626.00
     15390 -183542.00
     15420 -245216.00
     15450 -235965.00
     15480 -217463.00
     15510 -132352.00
     15540 -222766.00
     15570 -261991.00
     15600 -209075.00
     15630 -221040.00
     15660 -208335.00
     15690 -186626.00
     15720 -162449.00
     15750 -163929.00
     15780 -135066.00
     15810 -121004.00
     15840 -115577.00
     15870 -113110.00
     15900 -110150.00
     15930 -116687.00
     15960 -107930.00
     15990 -107066.00
     16020 -62784.00
     16050 -68458.00
     16110 -71665.00
     16140 -200564.00
     16170 -194766.00
     16200 -200194.00
     16230 -176881.00
     16260 -94115.00
     16290 -209568.00
     16320 -188229.00
     16350 -203524.00
     16380 -188599.00
     16410 -194520.00
     16440 -187736.00
     16470 -192300.00
     16500 -193163.00
     16530 -183295.00
     16560 -181692.00
     16590 -182678.00
     16620 -34537.00
     16650 -319841.00
     16680 -284194.00
     16710 -317374.00
     16740 -273092.00
     16770 -269515.00
     16800 -270749.00
     16830 -274326.00
     16860 -259401.00
     16890 -258907.00
     16920 -271242.00
     16950 -208458.00
     16980 -186749.00
     17010 -222150.00
     17040 -217586.00
     17070 -142837.00
     17100 -161339.00
     17130 -220670.00
     17160 -170960.00
     17190 -189092.00
     17220 -189709.00
     17250 -178855.00
     17280 -191683.00
     17310 -183789.00
     17340 -113480.00
     17400 -102872.00
     17430 -252493.00
     17460 -235225.00
     17490 -257674.00
     17520 -228687.00
     17550 -213269.00
     17580 -177868.00
     17610 -190696.00
     17640 -200070.00
     17670 -120388.00
     17700 -79066.00
     17730 -80300.00
     17760 -162696.00
     17790 -195137.00
     17820 -175154.00
     17850 -174661.00
     17880 -171330.00
     17910 -170837.00
     17940 -178485.00
     17970 -153938.00
     18000 -154678.00
     18030 -131736.00
     18060 -123225.00
     18090 -105339.00
     18120 -104599.00
     18150 -137903.00
     18180 -115577.00
     18210 -134203.00
     18240 -132722.00
     18270 -228934.00
     18300 -272229.00
     18330 -216180.00
     18360 -214502.00
     18390 -223137.00
     18420 -217833.00
     18450 -231524.00
     18480 -232388.00
     18510 -203894.00
     18570 -271859.00
     18600 -264335.00
     18630 -271736.00
     18660 -235101.00
     18690 -212529.00
     18720 -170344.00
     18750 -143084.00
     18780 -183912.00
     18810 -221163.00
     18840 -128035.00
     18870 -175894.00
     18900 -198960.00
     18930 -199084.00
     18960 -201551.00
     18990 -220916.00
     19020 -211172.00
     19050 -198714.00
     19080 -181815.00
     19110 -201057.00
     19140 -210185.00
     19170 -181322.00
     19200 -183418.00
     19230 -188352.00
     19260 -164053.00
     19290 -210555.00
     19320 -193903.00
     19350 -209815.00
     19380 -230537.00
     19440 -194150.00
     19470 -164546.00
     19500 -179965.00
     19530 -166273.00
     19560 -164423.00
     19590 -204388.00
     19620 -205868.00
     19650 -220670.00
     19680 -180211.00
     19710 -187242.00
     19740 -171207.00
     19770 -164078.00
     19800 -141764.00
     19830 -140760.00
     19860 -65386.00
     20040 -141151.00
     20070 -115221.00
     20100 -85149.00
     20130 -106058.00
     20160 -106058.00
     20190 -78610.00
     20220 -137979.00
     20250 -144821.00
     20280 -104692.00
     20310 -126788.00
     20340 -141139.00
     20370 -136017.00
     20400 -87595.00
