# Well Pumping Time Series Data for Well 101303 : San Carlos
# Created on 12-Aug-2016 13:17:54
# Column-1: Time in days from beginning of model
# Column-2: Pumping Volume in cubic meters
         0  0.00
      9360 -13574.00
      9390 -3720.00
      9420 -5879.00
      9450 -3720.00
      9480 -147.00
      9510 -5879.00
      9540 -21569.00
      9570 -27354.00
      9600 -3474.00
      9660 -61161.00
      9690 -90630.00
      9720 -44211.00
      9750 -13574.00
      9780 -3720.00
      9810 -147.00
      9840 -5879.00
      9870 -21569.00
      9900 -27354.00
      9930 -3474.00
      9990 -61161.00
     10020 -90630.00
     10050 -66205.00
     10080 -64700.00
     10110 -28717.00
     10140 -13841.00
     10170 -11770.00
     10200 -5837.00
     10230 -643.00
     10260 -28597.00
     10290 -60241.00
     10320 -65763.00
     10350 -111982.00
     10380 -116665.00
     10410 -73573.00
     10440 -78732.00
     10470 -4432.00
     10650 -18607.00
     10680 -24519.00
     10710 -79103.00
     10740 -62863.00
     10770 -45397.00
     10800 -33629.00
     10830 -4304.00
     10860 -244.00
     11040 -517.00
     11070 -37238.00
     11100 -5193.00
     11220 -14.00
     11310 -10696.00
     11340 -64465.00
     11370 -3047.00
     11400 -3625.00
     11430 -12320.00
     11490 -6931.00
     11520 -15384.00
     11550 -16090.00
     11670 -16039.00
     11700 -379.00
     11730 -87420.00
     11760 -43152.00
     11790 -14546.00
     11820 -18372.00
     11850 -2503.00
     11880 -9853.00
     11970 -41596.00
     12000 -30513.00
     12030 -31180.00
     12060 -103169.00
     12090 -98191.00
     12120 -8.00
     12150 -31.00
     12180 -78766.00
     12210 -115620.00
     12240 -106598.00
     12270 -110748.00
     12300 -13114.00
     12330 -16112.00
     12360 -8965.00
     12390 -1484.00
     12420 -818.00
     12450 -8450.00
     12480 -62979.00
     12510 -120163.00
     12540 -125289.00
     12570 -114244.00
     12600 -85871.00
     12630 -52349.00
     12690 -855.00
     12720 -16599.00
     12750 -74816.00
     12780 -80906.00
     12810 -120388.00
     12840 -107004.00
     12870 -68892.00
     12900 -110580.00
     12930 -111008.00
     12960 -95402.00
     12990 -91896.00
     13020 -85967.00
     13050 -88265.00
     13080 -13272.00
     13110 -2772.00
     13260 -46929.00
     13290 -69623.00
     13320 -43104.00
     13470 -82008.00
     13500 -115065.00
     13530 -53978.00
     13560 -117460.00
     13590 -104812.00
     13620 -113760.00
     13650 -115207.00
     13680 -95588.00
     13710 -99706.00
     13740 -71691.00
     13770 -44734.00
     13800 -70902.00
     13830 -99416.00
     13860 -87992.00
     13890 -45447.00
     13920 -36047.00
     13950 -100106.00
     13980 -89603.00
     14010 -71695.00
     14040 -84802.00
     14070 -70954.00
     14100 -81582.00
     14130 -67916.00
     14280 -65310.00
     14310 -85091.00
     14340 -54304.00
     14640 -36090.00
     14670 -131663.00
     14700 -127654.00
     14730 -140126.00
     14760 -134627.00
     14790 -106675.00
     14820 -130187.00
     14850 -106740.00
     14940 -20.00
     14970 -141573.00
     15000 -175894.00
     15030 -146673.00
     15060 -168779.00
     15090 -154712.00
     15120 -155323.00
     15150 -158673.00
     15180 -159358.00
     15210 -158877.00
     15240 -147259.00
     15270 -158996.00
     15300 -152705.00
     15330 -154802.00
     15360 -130379.00
     15390 -125445.00
     15420 -122238.00
     15450 -106079.00
     15480 -97445.00
     15510 -77586.00
     15540 -124952.00
     15570 -135189.00
     15600 -113233.00
     15630 -106943.00
     15690 -52793.00
     15720 -143700.00
     15750 -132846.00
     15780 -108423.00
     15810 -96705.00
     15840 -92141.00
     15870 -17639.00
     16050 -123.00
     16080 -123.00
     17550 -18009.00
     17580 -113233.00
     17610 -103242.00
     17640 -90044.00
     17670 -72529.00
     17700 -68335.00
     17730 -6167.00
     17970 -49833.00
     19800 -44282.00
     19860 -2862.00
     19890 -28736.00
     20070 -15288.00
     20100 -70402.00
     20130 -17789.00
     20160 -17789.00
