# Well Pumping Time Series Data for Well 102391 : Begonia1
# Created on 12-Aug-2016 13:17:55
# Column-1: Time in days from beginning of model
# Column-2: Pumping Volume in cubic meters
         0  0.00
       120 -37004.00
       150 -37004.00
       180 -37004.00
       210 -37004.00
       240 -38238.00
       270 -37004.00
       300 -37004.00
       330 -37004.00
       480 -61674.00
       510 -61674.00
       540 -92511.00
       570 -92511.00
       600 -92511.00
       630 -48106.00
       660 -40705.00
       690 -40705.00
       840 -88811.00
       870 -117181.00
       900 -117181.00
       930 -117181.00
       960 -123348.00
       990 -185022.00
      1020 -192423.00
      1050 -168987.00
      1350 -61674.00
      1380 -61674.00
      1410 -46872.00
      1920 -61674.00
      1950 -61674.00
      1980 -92511.00
      2010 -92511.00
      2040 -92511.00
      2070 -92511.00
      2100 -92511.00
      2130 -40705.00
      2280 -88811.00
      2310 -117181.00
      2340 -117181.00
      2370 -117181.00
      2400 -123348.00
      2430 -185022.00
      2460 -192423.00
      2490 -24670.00
      2640 -88811.00
      2670 -117181.00
      2700 -117181.00
      2730 -117181.00
      2760 -185022.00
      2790 -185022.00
      2820 -185022.00
      2850 -24670.00
      3330 -19242.00
      3360 -73022.00
      3390 -88811.00
      3420 -117181.00
      3450 -117181.00
      3480 -117181.00
      3510 -123348.00
      3540 -123348.00
      3570 -123348.00
      3720 -88811.00
      3750 -117181.00
      3780 -117181.00
      3810 -117181.00
      3840 -123348.00
      3870 -123348.00
      3900 -123348.00
      4050 -73022.00
      4080 -88811.00
      4110 -117181.00
      4140 -117181.00
      4170 -117181.00
      4200 -123348.00
      4230 -123348.00
      4260 -123348.00
      4410 -73022.00
      4440 -86097.00
      4470 -81410.00
      4500 -114590.00
      4530 -123348.00
      4560 -123348.00
      4590 -148018.00
      4620 -135683.00
      4650 -123348.00
      4680 -32687.00
      4710 -43542.00
      4740 -19242.00
      4770 -73022.00
      4800 -86097.00
      4830 -81410.00
      4860 -114590.00
      4890 -123348.00
      4920 -154185.00
      4950 -123348.00
      4980 -123348.00
      5010 -123348.00
      5040 -32687.00
      5070 -43542.00
      5100 -19242.00
      5130 -73022.00
      5160 -88811.00
      5190 -117181.00
      5220 -117181.00
      5250 -117181.00
      5280 -123348.00
      5310 -123348.00
      5340 -123348.00
      5490 -73022.00
      5520 -88811.00
      5550 -117181.00
      5580 -117181.00
      5610 -117181.00
      5640 -123348.00
      5670 -123348.00
      5700 -123348.00
      5850 -73022.00
      5880 -86097.00
      5910 -166273.00
      5940 -114590.00
      5970 -168987.00
      6000 -185022.00
      6030 -185022.00
      6060 -148018.00
      6120 -32687.00
      6150 -43542.00
      6180 -19242.00
      6210 -73022.00
      6240 -86097.00
      6270 -166273.00
      6300 -114590.00
      6330 -185022.00
      6360 -185022.00
      6390 -185022.00
      6420 -148018.00
      6450 -148018.00
      6480 -32687.00
      6510 -43542.00
      6540 -19242.00
      6570 -2960.00
      6600 -13075.00
      6630 -9374.00
      6990 -20476.00
      7020 -4317.00
      7050 -19982.00
      7080 -6291.00
      8730 -73022.00
      8760 -86097.00
      8790 -81410.00
      8820 -114590.00
      8850 -123348.00
      8880 -123348.00
      8910 -148018.00
      8940 -148018.00
      8970 -148018.00
      9000 -76476.00
      9030 -43542.00
      9060 -19242.00
