# Well Pumping Time Series Data for Well 101319 : WaterWest3
# Created on 12-Aug-2016 13:17:55
# Column-1: Time in days from beginning of model
# Column-2: Pumping Volume in cubic meters
         0  0.00
     12240 -2154.00
     12270 -3483.00
     12300 -3469.00
     12330 -16249.00
     12360 -9465.00
     12390 -21262.00
     12420 -20872.00
     12450 -20376.00
     12510 -1544.00
     12540 -2769.00
     12570 -3157.00
     12600 -2780.00
     12630 -3263.00
     12660 -3378.00
     12690 -3648.00
     12720 -2818.00
     12750 -3840.00
     12780 -3747.00
     12810 -3394.00
     12840 -2521.00
     12870 -3359.00
     12900 -3387.00
     12930 -3253.00
     12960 -3336.00
     12990 -3483.00
     13020 -3820.00
     13050 -4110.00
     13080 -3469.00
     13110 -4055.00
     13140 -3603.00
     13170 -3356.00
     13200 -2989.00
     13230 -3242.00
     13260 -3661.00
     13290 -3515.00
     13320 -3671.00
     13350 -3282.00
     13380 -3398.00
     13410 -3352.00
     13440 -2717.00
     13470 -3217.00
     13500 -2892.00
     13530 -3093.00
     13560 -3340.00
     13590 -3171.00
     13620 -3079.00
     13650 -3398.00
     13680 -2900.00
     13710 -3450.00
     13740 -3638.00
     13770 -3636.00
     13800 -3119.00
     13830 -3355.00
     13860 -3136.00
     13890 -3378.00
     13920 -3310.00
     13950 -3320.00
     13980 -3257.00
     14010 -3141.00
     14040 -2931.00
     14100 -1804.00
     14130 -3618.00
     14160 -3839.00
     14190 -14147.00
     14220 -31115.00
     14250 -12971.00
     14280 -3660.00
     14490 -12828.00
     14520 -36018.00
     14550 -39471.00
     14580 -37991.00
     14610 -8511.00
     14670 -6907.00
     14700 -2714.00
     14730 -3207.00
     14760 -3207.00
     14820 -3207.00
     14850 -3454.00
     14880 -9991.00
     14910 -1604.00
     14940 -11718.00
     14970 -5797.00
     15480 -247.00
     15510 -987.00
     15540 -1357.00
     15570 -8264.00
     15660 -23683.00
     15930 -16775.00
     15960 -1480.00
     17820 -19489.00
     18150 -7401.00
     18180 -36018.00
     18480 -31700.00
     18510 -40828.00
     18540 -41075.00
     18570 -28123.00
     19200 -31330.00
