# Well Pumping Time Series Data for Well 101304 : Canada
# Created on 12-Aug-2016 13:17:54
# Column-1: Time in days from beginning of model
# Column-2: Pumping Volume in cubic meters
         0  0.00
      6780 -493.00
      6810 -66608.00
      6840 -74502.00
      6870 -71789.00
      6900 -66361.00
      9360 -7087.00
      9390 -2948.00
      9420 -16861.00
      9450 -2948.00
      9480 -450.00
      9510 -16861.00
      9540 -11126.00
      9570 -64333.00
      9600 -27662.00
      9630 -30677.00
      9660 -175539.00
      9690 -144625.00
      9720 -47935.00
      9750 -7087.00
      9780 -2948.00
      9810 -450.00
      9840 -16861.00
      9870 -11126.00
      9900 -64333.00
      9930 -27662.00
      9960 -30677.00
      9990 -175539.00
     10020 -144625.00
     10050 -108493.00
     10080 -145901.00
     10110 -45903.00
     10140 -15515.00
     10170 -8734.00
     10200 -8990.00
     10230 -1555.00
     10260 -36166.00
     10290 -91789.00
     10320 -80649.00
     10350 -251402.00
     10380 -236913.00
     10410 -202932.00
     10440 -264836.00
     10470 -169918.00
     10500 -162139.00
     10530 -51817.00
     10560 -196725.00
     10590 -195308.00
     10620 -191444.00
     10650 -196975.00
     10680 -248650.00
     10710 -249573.00
     10740 -254965.00
     10770 -253435.00
     10800 -247846.00
     10830 -206704.00
     10860 -228306.00
     10890 -61977.00
     10920 -2982.00
     11010 -433.00
     11040 -2128.00
     11070 -128166.00
     11100 -14759.00
     11130 -11.00
     11220 -23.00
     11250 -62586.00
     11280 -13572.00
     11310 -25679.00
     11340 -130412.00
     11370 -55399.00
     11400 -45519.00
     11430 -27074.00
     11460 -53662.00
     11490 -42627.00
     11520 -46813.00
     11550 -100140.00
     11580 -59646.00
     11610 -181567.00
     11640 -188250.00
     11670 -1764.00
     11760 -1999.00
     11790 -73624.00
     11820 -63830.00
     11850 -23884.00
     11880 -41153.00
     11910 -617.00
     11940 -51136.00
     11970 -130639.00
     12000 -55375.00
     12030 -1141.00
     12120 -1308.00
     12240 -132812.00
     12270 -269500.00
     12300 -195046.00
     12330 -291799.00
     12360 -169201.00
     12390 -31888.00
     12420 -78712.00
     12450 -225558.00
     12480 -246246.00
     12510 -238343.00
     12540 -248986.00
     12570 -222493.00
     12600 -194958.00
     12630 -220549.00
     12660 -40334.00
     12750 -15056.00
     12780 -281083.00
     12810 -302943.00
     12840 -278652.00
     12870 -288843.00
     12900 -257915.00
     12930 -257503.00
     12960 -254165.00
     12990 -248658.00
     13020 -252345.00
     13050 -255907.00
     13080 -32992.00
     13110 -7207.00
     13260 -159310.00
     13290 -319122.00
     13320 -331182.00
     13350 -264572.00
     13380 -293327.00
     13410 -266383.00
     13440 -278051.00
     13470 -299161.00
     13500 -271963.00
     13530 -293364.00
     13560 -307983.00
     13590 -283375.00
     13620 -291530.00
     13650 -268035.00
     13680 -314259.00
     13710 -279861.00
     13740 -214672.00
     13830 -163436.00
     13860 -320716.00
     13890 -290076.00
     13920 -290929.00
     13950 -284592.00
     13980 -219628.00
     14010 -237796.00
     14040 -280097.00
     14070 -274474.00
     14100 -273695.00
     14130 -264288.00
     14160 -8906.00
     14280 -77789.00
     14310 -292992.00
     14340 -235626.00
     14370 -223017.00
     14400 -254587.00
     14430 -215529.00
     14460 -65214.00
     14490 -48164.00
     14520 -68337.00
     14550 -22096.00
     14580 -46836.00
     14610 -191832.00
     14640 -112242.00
     14700 -265340.00
     14730 -254837.00
     14760 -276607.00
     14790 -278470.00
     14820 -296760.00
     14850 -253233.00
     14880 -55473.00
     14940 -96.00
     14970 -2306.00
     15000 -165040.00
     15030 -195956.00
     15060 -243417.00
     15090 -236469.00
     15120 -248034.00
     15150 -233922.00
     15180 -252779.00
     15210 -226636.00
     15240 -206710.00
     15270 -132352.00
     15300 -65991.00
     15330 -81286.00
     15360 -198344.00
     15390 -276916.00
     15420 -248176.00
     15450 -270379.00
     15480 -258414.00
     15510 -294185.00
     15540 -186626.00
     15600 -4441.00
     15630 -243366.00
     15660 -256070.00
     15690 -265938.00
     15720 -242749.00
     15750 -233128.00
     15780 -233621.00
     15810 -228070.00
     15840 -247066.00
     15870 -251137.00
     15900 -254960.00
     15930 -259771.00
     15960 -143207.00
     15990 -4934.00
     16020 -360546.00
     16050 -377692.00
     16080 -390026.00
     16110 -380035.00
     16140 -313304.00
     16170 -340194.00
     16200 -350678.00
     16230 -255084.00
     16260 -307260.00
     16290 -323665.00
     16320 -296899.00
     16350 -327366.00
     16380 -298132.00
     16410 -306520.00
     16440 -293198.00
     16470 -295418.00
     16500 -293075.00
     16530 -277286.00
     16560 -302326.00
     16590 -285797.00
     16620 -280370.00
     16650 -316141.00
     16680 -286784.00
     16710 -23806.00
     16740 -217216.00
     16770 -349815.00
     16800 -320705.00
     16830 -359683.00
     16860 -346731.00
     16890 -326996.00
     16920 -339330.00
     16950 -272352.00
     16980 -276916.00
     17010 -265815.00
     17040 -235965.00
     17070 -234485.00
     17100 -217833.00
     17130 -116811.00
     17160 -100035.00
     17190 -274696.00
     17220 -270749.00
     17250 -222643.00
     17280 -210925.00
     17310 -166766.00
     17340 -211542.00
     17370 -236581.00
     17400 -215736.00
     17430 -243242.00
     17460 -237445.00
     17490 -219189.00
     17520 -202784.00
     17550 -203031.00
     17580 -209692.00
     17610 -158009.00
     17640 -114960.00
     17730 -205868.00
     17760 -170097.00
     17790 -239665.00
     17820 -186749.00
     17850 -188599.00
     17880 -183665.00
     17910 -182432.00
     17940 -183665.00
     17970 -168493.00
     18000 -172564.00
     18030 -155048.00
     18060 -154555.00
     18090 -151718.00
     18120 -93374.00
     18150 -170097.00
     18180 -132352.00
     18210 -158996.00
     18240 -118537.00
     18270 -213392.00
     18300 -332546.00
     18330 -363494.00
     18360 -401128.00
     18390 -397551.00
     18420 -381639.00
     18450 -72282.00
     18480 -84247.00
     18510 -370291.00
     18540 -397057.00
     18570 -322185.00
     18600 -380775.00
     18630 -383859.00
     18660 -390026.00
     18690 -368317.00
     18720 -364493.00
     18750 -388670.00
     18780 -327366.00
     18810 -287401.00
     18840 -270009.00
     18870 -339207.00
     18900 -304670.00
     18930 -349938.00
     18960 -283824.00
     18990 -269515.00
     19020 -264952.00
     19050 -251753.00
     19080 -258907.00
     19110 -245586.00
     19140 -231154.00
     19170 -181692.00
     19200 -218203.00
     19230 -257921.00
     19260 -250396.00
     19290 -237445.00
     19320 -95841.00
     19530 -76969.00
     19560 -323789.00
     19590 -343894.00
     19620 -305040.00
     19650 -332176.00
     19680 -268405.00
     19710 -131736.00
     19740 -257551.00
     19770 -249570.00
     19800 -254578.00
     19830 -215610.00
     19860 -230932.00
     19890 -211487.00
     19920 -122201.00
     19950 -195610.00
     19980 -195814.00
     20010 -149508.00
     20040 -121090.00
     20070 -120366.00
     20100 -118257.00
     20130 -85840.00
     20160 -85840.00
     20220 -13366.00
     20250 -272461.00
     20280 -254701.00
     20310 -228228.00
     20340 -211609.00
     20370 -210887.00
     20400 -207038.00
     20430 -196159.00
     20460 -170671.00
     20490 -111126.00
