# Well Pumping Time Series Data for Well 100346 : Stanton
# Created on 12-Aug-2016 13:17:54
# Column-1: Time in days from beginning of model
# Column-2: Pumping Volume in cubic meters
         0  0.00
      7080 -32564.00
      7140 -50573.00
      7170 -30960.00
      7200 -13938.00
      7290 -18256.00
      7320 -40952.00
      7350 -30960.00
      7380 -43418.00
      7410 -2097.00
      7440 -53040.00
      7470 -45145.00
      7500 -52670.00
      7530 -31330.00
      7560 -11841.00
      7710 -9621.00
      7740 -41568.00
      7800 -37374.00
      7830 -58960.00
      7860 -8388.00
      7890 -37004.00
      7920 -51436.00
      7950 -72899.00
      7980 -54520.00
      8160 -53163.00
      8190 -61057.00
      8220 -69445.00
      8250 -64758.00
      8280 -48846.00
      8310 -67965.00
      8340 -69198.00
      8520 -53163.00
      8550 -61057.00
      8580 -69445.00
      8610 -64758.00
      8640 -48846.00
      8670 -67965.00
      8700 -69198.00
      9360 -52149.00
      9390 -50659.00
      9780 -8314.00
      9990 -27215.00
     10020 -34356.00
     10050 -39842.00
     10350 -1572.00
     10440 -1917.00
     10590 -5226.00
     10620 -5679.00
     10680 -187.00
     10770 -38.00
     10800 -7157.00
     10830 -46697.00
     10860 -30940.00
     10890 -10353.00
     10920 -4293.00
     10980 -3466.00
     11010 -11330.00
     11040 -71529.00
     11070 -63754.00
     11100 -71003.00
     11220 -2775.00
     11250 -2372.00
     11340 -3131.00
     11370 -2225.00
     11400 -2050.00
     11430 -2148.00
     11460 -2946.00
     11490 -2896.00
     11520 -2942.00
     11550 -3397.00
     11580 -2862.00
     11640 -3066.00
     11670 -819.00
     11700 -2998.00
     11730 -48592.00
     11760 -2183.00
     11790 -2705.00
     11820 -2970.00
     11850 -770.00
     11880 -2199.00
     11910 -2875.00
     12090 -950.00
     12150 -917.00
     12180 -2861.00
     12210 -2872.00
     12240 -979.00
     12270 -978.00
     12300 -997.00
