# Well Pumping Time Series Data for Well 102393 : Begonia1
# Created on 12-Aug-2016 13:17:55
# Column-1: Time in days from beginning of model
# Column-2: Pumping Volume in cubic meters
         0  0.00
     18360 -58714.00
     18390 -18256.00
     18420 -4934.00
     18450 -80546.00
     18480 -104106.00
     18510 -89921.00
     18540 -109163.00
     18570 -18626.00
     18600 -55877.00
     18630 -61921.00
     18660 -65128.00
     18690 -61304.00
     18720 -32194.00
     18750 -3947.00
     18810 -102379.00
     18840 -103612.00
     18870 -105092.00
     18900 -92634.00
     18930 -61674.00
     18960 -4564.00
     18990 -10361.00
     19020 -10731.00
     19050 -1233.00
     19080 -1604.00
     19110 -2097.00
     19140 -247.00
     19170 -50573.00
     19200 -76106.00
     19230 -56740.00
     19260 -29727.00
     19290 -25903.00
     19320 -80300.00
     19350 -102996.00
     19380 -81656.00
     19440 -44282.00
     19470 -55507.00
     19500 -52670.00
     19530 -76476.00
     19560 -44899.00
     19590 -97322.00
     19620 -65991.00
     19650 -91648.00
     19680 -72035.00
     19710 -55260.00
     19740 -79189.00
     19770 -83729.00
     19800 -78141.00
     19830 -48105.00
     19860 -62342.00
     19890 -70908.00
     19920 -59641.00
     19950 -47456.00
     19980 -48909.00
     20010 -55099.00
     20040 -65893.00
     20070 -64851.00
     20100 -58500.00
     20130 -59043.00
     20160 -59043.00
     20190 -47504.00
     20220 -43880.00
     20250 -39980.00
     20280 -37650.00
     20310 -40258.00
     20340 -21178.00
     20370 -42526.00
     20400 -510.00
     20430 -20906.00
     20460 -98129.00
     20490 -82274.00
