# Well Pumping Time Series Data for Well 101287 : Russell2
# Created on 12-Aug-2016 13:17:54
# Column-1: Time in days from beginning of model
# Column-2: Pumping Volume in cubic meters
         0  0.00
       120 -4317.00
       150 -11841.00
       180 -23559.00
       210 -39101.00
       240 -42925.00
       270 -28987.00
       300 -16405.00
       330 -14678.00
       360 -14555.00
       390 -14802.00
       420 -16282.00
       450 -16282.00
       480 -4317.00
       510 -11841.00
       540 -23559.00
       570 -39101.00
       600 -42925.00
       630 -28987.00
       660 -16405.00
       690 -14678.00
       720 -14555.00
       750 -14802.00
       780 -16282.00
       810 -16282.00
       840 -4317.00
       870 -11841.00
       900 -23559.00
       930 -39101.00
       960 -42925.00
       990 -28987.00
      1020 -16405.00
      1050 -14678.00
      1080 -14555.00
      1110 -14802.00
      1140 -16282.00
      1170 -16282.00
      1200 -4317.00
      1230 -11841.00
      1260 -23559.00
      1290 -39101.00
      1320 -42925.00
      1350 -28987.00
      1380 -16405.00
      1410 -14678.00
      1440 -14555.00
      1470 -14802.00
      1500 -16282.00
      1530 -16282.00
      1560 -4317.00
      1590 -11841.00
      1620 -23559.00
      1650 -39101.00
      1680 -42925.00
      1710 -28987.00
      1740 -16405.00
      1770 -14678.00
      1800 -14555.00
      1830 -14802.00
      1860 -16282.00
      1890 -16282.00
      1920 -4317.00
      1950 -11841.00
      1980 -23559.00
      2010 -39101.00
      2040 -42925.00
      2070 -28987.00
      2100 -16405.00
      2130 -14678.00
      2160 -14555.00
      2190 -14802.00
      2220 -16282.00
      2250 -16282.00
      2280 -4317.00
      2310 -11841.00
      2340 -23559.00
      2370 -39101.00
      2400 -42925.00
      2430 -28987.00
      2460 -16405.00
      2490 -14678.00
      2520 -14555.00
      2550 -14802.00
      2580 -16282.00
      2610 -16282.00
      2640 -4317.00
      2670 -11841.00
      2700 -23559.00
      2730 -39101.00
      2760 -42925.00
      2790 -28987.00
      2820 -16405.00
      2850 -14678.00
      2880 -14555.00
      2910 -14802.00
      2940 -16282.00
      3360 -16035.00
      3390 -4317.00
      3420 -11841.00
      3450 -23559.00
      3480 -39101.00
      3510 -42925.00
      3540 -28987.00
      3570 -16405.00
      3600 -14678.00
      3630 -14555.00
      3660 -14802.00
      3690 -16282.00
      3720 -4317.00
      3750 -11841.00
      3780 -23559.00
      3810 -39101.00
      3840 -42925.00
      3870 -28987.00
      3900 -16405.00
      3930 -14678.00
      3960 -14555.00
      3990 -14802.00
      4020 -16282.00
      4050 -16035.00
      4080 -4317.00
      4110 -11841.00
      4140 -23559.00
      4170 -39101.00
      4200 -42925.00
      4230 -28987.00
      4260 -16405.00
      4290 -14678.00
      4320 -14555.00
      4350 -14802.00
      4380 -16282.00
      4410 -4317.00
      4440 -11841.00
      4470 -23559.00
      4500 -39101.00
      4530 -42925.00
      4560 -28987.00
      4590 -16405.00
      4620 -14678.00
      4650 -14555.00
      4680 -14802.00
      4710 -16282.00
      4740 -16035.00
      4770 -16035.00
      4800 -11841.00
      4830 -23559.00
      4860 -39101.00
      4890 -42925.00
      4920 -28987.00
      4950 -16405.00
      4980 -14678.00
      5010 -14555.00
      5040 -14802.00
      5070 -16282.00
      5100 -16035.00
      5130 -16035.00
      5160 -4317.00
      5190 -11841.00
      5220 -23559.00
      5250 -39101.00
      5280 -42925.00
      5310 -28987.00
      5340 -16405.00
      5370 -14678.00
      5400 -14555.00
      5430 -14802.00
      5460 -16282.00
      5490 -16035.00
      5520 -4317.00
      5550 -11841.00
      5580 -23559.00
      5610 -39101.00
      5640 -42925.00
      5670 -28987.00
      5700 -16405.00
      5730 -14678.00
      5760 -14555.00
      5790 -14802.00
      5820 -16282.00
      5850 -16035.00
      6120 -14802.00
      6150 -16282.00
      6180 -16035.00
      6210 -4317.00
      6240 -11841.00
      6270 -23559.00
      6300 -39101.00
      6330 -42925.00
      6360 -28987.00
      6390 -16405.00
      6420 -14678.00
      6450 -14555.00
      6480 -14802.00
      6510 -16282.00
      6540 -16035.00
      6570 -17762.00
      6600 -17022.00
      6630 -18749.00
      6660 -18626.00
      6690 -17762.00
      6720 -14555.00
      6750 -13692.00
      6780 -12088.00
      6810 -10731.00
      6840 -10731.00
      6870 -6414.00
      6900 -7648.00
      6930 -22819.00
      6960 -12088.00
      6990 -247.00
      7050 -617.00
      7080 -5921.00
      8730 -16035.00
      8760 -11841.00
      8790 -23559.00
      8820 -39101.00
      8850 -42925.00
      8880 -28987.00
      8910 -16405.00
      8940 -14678.00
      8970 -14555.00
      9000 -14802.00
      9030 -16282.00
      9060 -16035.00
      9090 -16035.00
      9120 -11841.00
      9150 -23559.00
      9180 -39101.00
      9210 -42925.00
      9240 -28987.00
      9270 -16405.00
      9300 -14678.00
      9330 -14555.00
      9360 -14802.00
      9390 -16282.00
      9420 -16035.00
      9780 -4887.00
      9810 -3286.00
      9840 -3892.00
      9870 -4472.00
      9900 -2078.00
      9930 -2810.00
      9960 -3438.00
     10050 -582.00
     10080 -5126.00
     10110 -2144.00
     10140 -714.00
     10200 -10373.00
     10230 -10131.00
     10380 -22062.00
     10500 -4742.00
     10530 -5170.00
     10890 -27912.00
     10920 -15779.00
     10980 -43244.00
     11010 -68764.00
     11040 -26097.00
     11070 -14936.00
     11220 -2285.00
     11250 -2407.00
     11280 -7837.00
     11340 -2699.00
     11370 -2041.00
     11400 -2316.00
     11430 -3824.00
     11460 -2558.00
     11490 -2423.00
     11520 -2423.00
     11550 -26106.00
     11580 -66056.00
     11610 -63420.00
     11640 -57038.00
     11670 -66531.00
     11700 -156.00
     11760 -2110.00
     11790 -2634.00
     11820 -2170.00
     11850 -2445.00
     11880 -2692.00
     11910 -2388.00
     11940 -6448.00
     11970 -79131.00
     12000 -72560.00
     12030 -82481.00
     12060 -6005.00
     12090 -2390.00
     12120 -906.00
     12150 -889.00
     12180 -851.00
     12210 -852.00
     12270 -917.00
     12300 -8347.00
     12330 -51070.00
     12360 -24463.00
     12390 -10244.00
     12420 -2671.00
     12450 -926.00
     12480 -5505.00
     12510 -994.00
     12540 -801.00
     12570 -876.00
     12600 -910.00
     12630 -859.00
     12660 -897.00
     12690 -894.00
     12720 -2455.00
     12750 -887.00
     12780 -828.00
     12810 -810.00
     12840 -797.00
     12870 -1141.00
     12900 -669.00
     12930 -846.00
     12960 -859.00
     12990 -851.00
     13020 -871.00
     13050 -59963.00
     13080 -11588.00
     13110 -52356.00
     13200 -1434.00
     13290 -808.00
     13320 -821.00
     13350 -891.00
     13380 -18263.00
     13410 -5259.00
     13440 -24930.00
     13470 -69075.00
     13500 -2936.00
     13530 -4029.00
     13560 -879.00
     13590 -837.00
     13620 -880.00
     13650 -878.00
     13680 -852.00
     13710 -12203.00
     13740 -19622.00
     13770 -27625.00
     13830 -67.00
     13860 -3275.00
     13950 -807.00
     13980 -684.00
     14010 -820.00
     14040 -847.00
     14070 -26499.00
     14100 -17433.00
     14130 -22609.00
     14160 -27473.00
     14190 -8000.00
     14220 -17416.00
     14250 -70.00
     14430 -1843.00
     14460 -8.00
     14490 -7565.00
     14520 -7503.00
     14550 -2165.00
     14580 -2251.00
     14670 -23833.00
     14700 -73328.00
     14730 -70719.00
     14760 -73499.00
     14790 -61555.00
     14820 -68951.00
     14850 -57982.00
     14880 -51998.00
     14910 -72352.00
     14940 -70820.00
     14970 -72800.00
     15000 -67645.00
     15030 -72478.00
     15060 -70055.00
     15090 -68301.00
     15120 -55679.00
     15150 -49470.00
     15180 -41535.00
     15210 -63976.00
     15240 -59852.00
     15270 -28740.00
     15300 -57357.00
     15330 -70062.00
     15360 -57110.00
     15420 -55507.00
     15450 -35031.00
     15480 -33551.00
     15510 -37991.00
     15540 -41568.00
     15570 -67101.00
     15600 -36881.00
     15630 -19612.00
     15660 -6414.00
     15690 -39101.00
     15720 -36388.00
     15840 -26767.00
     15870 -27507.00
     15900 -24300.00
     15930 -13815.00
     16020 -6044.00
     16050 -19366.00
     16290 -247.00
     16350 -67841.00
     16380 -75119.00
     16410 -35894.00
     16440 -27260.00
     16470 -30590.00
     16500 -30344.00
     16530 -33427.00
     16560 -36018.00
     16590 -33921.00
     16620 -30590.00
     16650 -51189.00
     16680 -67225.00
     16710 -73762.00
     16740 -59207.00
     16770 -69322.00
     16800 -72035.00
     16830 -58220.00
     16860 -25163.00
     16890 -31577.00
     16920 -32811.00
     16950 -31824.00
     16980 -32934.00
     17010 -67841.00
     17040 -62414.00
     17070 -69445.00
     17100 -67595.00
     17130 -54767.00
     17160 -69075.00
     17190 -58714.00
     17220 -32317.00
     17250 -32934.00
     17280 -4070.00
     17310 -18256.00
     17340 -29850.00
     17370 -3947.00
     17400 -18626.00
     17430 -64141.00
     17460 -40828.00
     17490 -34414.00
     17520 -32070.00
     17550 -33674.00
     17580 -33797.00
     17610 -33551.00
     17640 -35401.00
     17670 -34291.00
     17700 -35154.00
     17730 -41322.00
     17760 -61304.00
     17790 -62537.00
     17820 -60934.00
     17850 -51559.00
     17880 -28123.00
     17910 -35894.00
     17940 -33921.00
     17970 -36264.00
     18000 -37128.00
     18030 -35031.00
     18060 -15048.00
     18090 -14555.00
     18120 -32811.00
     18150 -39101.00
     18180 -67471.00
     18210 -68952.00
     18240 -55137.00
