# Well Pumping Time Series Data for Well 101318 : WaterWest2
# Created on 12-Aug-2016 13:17:55
# Column-1: Time in days from beginning of model
# Column-2: Pumping Volume in cubic meters
         0  0.00
     12240 -2154.00
     12270 -3483.00
     12300 -3469.00
     12330 -16249.00
     12360 -9465.00
     12390 -21262.00
     12420 -20872.00
     12450 -20376.00
     12510 -1544.00
     12540 -2769.00
     12570 -3157.00
     12600 -2780.00
     12630 -3263.00
     12660 -3378.00
     12690 -3648.00
     12720 -2818.00
     12750 -3840.00
     12780 -3747.00
     12810 -3394.00
     12840 -2521.00
     12870 -3359.00
     12900 -3387.00
     12930 -3253.00
     12960 -3336.00
     12990 -3483.00
     13020 -3820.00
     13050 -4110.00
     13080 -3469.00
     13110 -4055.00
     13140 -3603.00
     13170 -3356.00
     13200 -2989.00
     13230 -3242.00
     13260 -3661.00
     13290 -3515.00
     13320 -3671.00
     13350 -3282.00
     13380 -3398.00
     13410 -3352.00
     13440 -2717.00
     13470 -3217.00
     13500 -2892.00
     13530 -3093.00
     13560 -3340.00
     13590 -3171.00
     13620 -3079.00
     13650 -3398.00
     13680 -2900.00
     13710 -3450.00
     13740 -3638.00
     13770 -3636.00
     13800 -3119.00
     13830 -3355.00
     13860 -3136.00
     13890 -3378.00
     13920 -3310.00
     13950 -3320.00
     13980 -3257.00
     14010 -3141.00
     14040 -2931.00
     14100 -1804.00
     14130 -3618.00
     14160 -3839.00
     14190 -14147.00
     14220 -31115.00
     14250 -12971.00
     14280 -3660.00
     14310 -4070.00
     14340 -8264.00
     14370 -4070.00
     14400 -35278.00
     14430 -32070.00
     14460 -8634.00
     14490 -10238.00
     14520 -28740.00
     14550 -31207.00
     14580 -29850.00
     14610 -9374.00
     14640 -5304.00
     14670 -16529.00
     14700 -9621.00
     14730 -3207.00
     14760 -3084.00
     14790 -7524.00
     14820 -7771.00
     14850 -1850.00
     14880 -9744.00
     14910 -1357.00
     14940 -9868.00
     14970 -5057.00
     15360 -123.00
     15480 -1480.00
     15510 -987.00
     15540 -1233.00
     15570 -27877.00
     15600 -38855.00
     15630 -41815.00
     15660 -15789.00
     18450 -6167.00
     18480 -38485.00
     18510 -22203.00
