# Well Pumping Time Series Data for Well 102396 : Berwick7
# Created on 12-Aug-2016 13:17:55
# Column-1: Time in days from beginning of model
# Column-2: Pumping Volume in cubic meters
         0  0.00
      8220 -40828.00
      8250 -49339.00
      8280 -39595.00
      8310 -56863.00
      8340 -84370.00
      8580 -40828.00
      8610 -49339.00
      8640 -39595.00
      8670 -56863.00
      8700 -84370.00
      9360 -61048.00
      9390 -36050.00
      9780 -25915.00
      9810 -36832.00
      9840 -16665.00
      9870 -20570.00
      9900 -32872.00
      9930 -31145.00
      9960 -25300.00
      9990 -65663.00
     10020 -95487.00
     10050 -95707.00
     10080 -98546.00
     10110 -97982.00
     10140 -69803.00
     10170 -86713.00
     10320 -50011.00
     10350 -103010.00
     10380 -57157.00
     10410 -33287.00
     10440 -20817.00
     10470 -597.00
     10560 -3305.00
     10590 -29592.00
     10620 -17059.00
     10650 -18550.00
     10680 -45108.00
     10710 -39982.00
     10740 -20402.00
     10980 -18722.00
     11010 -37662.00
     11040 -23997.00
     11070 -15051.00
     11130 -6.00
     11280 -24.00
     11310 -343.00
     11340 -16146.00
     11370 -4030.00
     11430 -210097.00
     11580 -11.00
     11970 -40231.00
     12000 -40803.00
     12030 -9.00
     12090 -20826.00
     12120 -63373.00
     12150 -42876.00
     12540 -54.00
     12630 -31.00
     12750 -19.00
     12780 -38.00
     13740 -83.00
     13830 -14.00
