# Well Pumping Time Series Data for Well 102439 : Berwick7
# Created on 12-Aug-2016 13:17:55
# Column-1: Time in days from beginning of model
# Column-2: Pumping Volume in cubic meters
         0  0.00
      6750 -16405.00
      6780 -43542.00
      6810 -41692.00
      6840 -33304.00
      6870 -30344.00
      6900 -17392.00
      7800 -43172.00
      7830 -44159.00
      7860 -51559.00
      7890 -44159.00
      7920 -46502.00
      7950 -63524.00
      7980 -59207.00
      8160 -28000.00
      8190 -79189.00
      8220 -74009.00
      8250 -61921.00
      8280 -47982.00
      8310 -20599.00
      8520 -28000.00
      8550 -79189.00
      8580 -74009.00
      8610 -61921.00
      8640 -47982.00
      8670 -20599.00
      9090 -49295.00
      9120 -96796.00
      9150 -109180.00
      9180 -133049.00
      9210 -155768.00
      9240 -125953.00
      9270 -247625.00
      9300 -226888.00
      9360 -143195.00
      9390 -38231.00
      9750 -38231.00
      9990 -27767.00
     10020 -25190.00
     10050 -42796.00
     10230 -77801.00
     10260 -4701.00
