# Well Pumping Time Series Data for Well 101297 : Begonia2
# Created on 12-Aug-2016 13:17:54
# Column-1: Time in days from beginning of model
# Column-2: Pumping Volume in cubic meters
         0  0.00
      3330 -80300.00
      3390 -86344.00
      3420 -92511.00
      3450 -98678.00
      3480 -92511.00
      3510 -80300.00
      4080 -86344.00
      4110 -92511.00
      4140 -98678.00
      4170 -92511.00
      4200 -80300.00
      4470 -57974.00
      4500 -123348.00
      4530 -148018.00
      4560 -148018.00
      4590 -148018.00
      4620 -172687.00
      4650 -209692.00
      4680 -87084.00
      4710 -30529.00
      4740 -80300.00
      4830 -57974.00
      4860 -123348.00
      4890 -123348.00
      4920 -123348.00
      4950 -123348.00
      4980 -123348.00
      5010 -209692.00
      5040 -87084.00
      5070 -30529.00
      5100 -80300.00
      5160 -86344.00
      5190 -92511.00
      5220 -98678.00
      5250 -92511.00
      5280 -80300.00
      6120 -87084.00
      6150 -30529.00
      6180 -80300.00
      6270 -57974.00
      6300 -246696.00
      6330 -246696.00
      6360 -246696.00
      6390 -270132.00
      6420 -222026.00
      6450 -209692.00
      6480 -87084.00
      6510 -30529.00
      6540 -80300.00
      6570 -39841.00
      6600 -70432.00
      6630 -13445.00
      6660 -21463.00
      6690 -79436.00
      6720 -46132.00
      6750 -53780.00
      6780 -46626.00
      6810 -38115.00
      6840 -13445.00
      6900 -4687.00
      6960 -2097.00
      6990 -74996.00
      7020 -63771.00
      7050 -271489.00
      7080 -233251.00
      7110 -311330.00
      7140 -283454.00
      7170 -191806.00
      7200 -184405.00
      7230 -166643.00
      7260 -315771.00
      7290 -314044.00
      7320 -278890.00
      7350 -236828.00
      7380 -274449.00
      7410 -319348.00
      7440 -300846.00
      7470 -316141.00
      7500 -301339.00
      7530 -271982.00
      7560 -247683.00
      7590 -176758.00
      7620 -111630.00
      7650 -239295.00
      7830 -20846.00
      7860 -259894.00
      7890 -216846.00
      7920 -241145.00
      7950 -233991.00
      7980 -177621.00
      8010 -153445.00
      8040 -45392.00
      8070 -231771.00
      8100 -151595.00
      8130 -207841.00
      8160 -213762.00
      8190 -190449.00
      8220 -207965.00
      8250 -51559.00
      8280 -13692.00
      8310 -188969.00
      8340 -202661.00
      8370 -153445.00
      8400 -45392.00
      8430 -156652.00
      8460 -151595.00
      8490 -123348.00
      8520 -123348.00
      8550 -134449.00
      8580 -130749.00
      8610 -51559.00
      8640 -13692.00
      8670 -188969.00
      8700 -202661.00
      8790 -57974.00
      8820 -123348.00
      8850 -123348.00
      8880 -123348.00
      8910 -123348.00
      8940 -123348.00
      8970 -209692.00
      9000 -87084.00
      9030 -30529.00
      9060 -80300.00
      9090 -57974.00
      9120 -123348.00
      9150 -123348.00
      9180 -123348.00
      9210 -123348.00
      9240 -123348.00
      9270 -209692.00
      9300 -87084.00
      9330 -30529.00
      9360 -80300.00
      9390 -159965.00
      9420 -123348.00
      9570 -123348.00
      9600 -215859.00
      9630 -239295.00
      9660 -264425.00
      9690 -251429.00
      9720 -129728.00
      9750 -159965.00
      9780 -133257.00
      9810 -31656.00
      9930 -225687.00
      9960 -230301.00
      9990 -269106.00
     10020 -264425.00
     10050 -251429.00
     10080 -273072.00
     10110 -263368.00
     10140 -188587.00
     10170 -262797.00
     10200 -116456.00
     10230 -46151.00
     10260 -210681.00
     10290 -224943.00
     10320 -201672.00
     10350 -216069.00
     10380 -180201.00
     10410 -175211.00
     10440 -153825.00
     10470 -79587.00
     10500 -32219.00
     10530 -3922.00
     10560 -18367.00
     10590 -49697.00
     10620 -52182.00
     10650 -41258.00
     10680 -77402.00
     10710 -133895.00
     10740 -157475.00
     10770 -136923.00
     10800 -20240.00
     10830 -56215.00
     10860 -50744.00
     10890 -21951.00
     10920 -7541.00
     10950 -1235.00
     10980 -143875.00
     11010 -216403.00
     11040 -198696.00
     11070 -178951.00
     11100 -174270.00
     11130 -156813.00
     11160 -137733.00
     11190 -155805.00
     11220 -130133.00
     11250 -119723.00
     11280 -64109.00
     11310 -207.00
     11550 -68368.00
     11670 -9639.00
     11700 -362.00
     11760 -245283.00
     11790 -294568.00
     11820 -271764.00
     11850 -121326.00
     11880 -101722.00
     11910 -46983.00
     11940 -17174.00
     11970 -44259.00
     12000 -9271.00
     12030 -4780.00
     12060 -58367.00
     12090 -110724.00
     12120 -42492.00
     12150 -76648.00
     12180 -73080.00
     12210 -113063.00
     12240 -105738.00
     12270 -17613.00
     12390 -263.00
     12420 -3050.00
     12450 -300.00
     12480 -52086.00
     12510 -123744.00
     12540 -85010.00
     12570 -86669.00
     12600 -65157.00
     12630 -43271.00
     12660 -19533.00
     12690 -34544.00
     12720 -59261.00
     12750 -62407.00
     12780 -61303.00
     12810 -40211.00
     12840 -116311.00
     12870 -266495.00
     12900 -250301.00
     12930 -242344.00
     12960 -245762.00
     12990 -99137.00
     13020 -134525.00
     13050 -190439.00
     13080 -72852.00
     13110 -202069.00
     13140 -123994.00
     13170 -34.00
     13200 -7640.00
     13230 -15532.00
     13260 -21405.00
     13290 -1727.00
     13320 -651.00
     13350 -895.00
     13380 -4148.00
     13440 -12828.00
     13470 -8518.00
     13500 -41368.00
     13530 -87428.00
     13560 -50291.00
     13590 -19660.00
     13620 -46205.00
     13650 -47612.00
     13680 -3408.00
     13710 -572.00
     13740 -3608.00
     13770 -20292.00
     13800 -977.00
     13830 -37.00
     13860 -2268.00
     13890 -7422.00
     13920 -81099.00
     13950 -46360.00
     13980 -144076.00
     14010 -180428.00
     14040 -51021.00
     14070 -15263.00
     14100 -54490.00
     14130 -66816.00
     14160 -93244.00
     14190 -60689.00
     14220 -762.00
     14280 -23.00
     14310 -464.00
     14340 -7912.00
     14370 -27884.00
     14400 -300.00
     14460 -31774.00
     14490 -135756.00
     14520 -129338.00
     14550 -47876.00
     14580 -77474.00
     14610 -0.00
     14640 -14184.00
     14670 -29197.00
     14730 -7193.00
     14760 -3879.00
     14790 -2607.00
     14820 -1659.00
     14850 -12312.00
     14880 -158676.00
     14910 -312643.00
     14940 -249963.00
     14970 -141001.00
     15000 -14678.00
     15030 -12020.00
     15060 -10469.00
     15090 -11372.00
     15120 -3325.00
     15150 -8022.00
     15180 -6640.00
     15210 -38964.00
     15240 -44981.00
     15270 -129392.00
     15300 -180705.00
     15330 -174414.00
     15360 -122361.00
     15390 -94608.00
     15420 -53903.00
     15450 -32317.00
     15480 -29233.00
     15510 -8758.00
     15540 -42555.00
     15570 -32687.00
     15600 -18626.00
     15630 -46132.00
     15660 -107066.00
     15690 -129885.00
     15720 -157022.00
     15750 -137163.00
     15780 -157762.00
     15810 -149374.00
     15840 -78696.00
     15870 -58960.00
     15900 -21463.00
     15930 -124211.00
     15960 -91278.00
     15990 -88070.00
     16020 -42802.00
     16050 -71665.00
     16080 -71418.00
     16110 -170590.00
     16140 -170837.00
     16170 -94115.00
     16200 -65868.00
     16230 -34907.00
     16260 -30097.00
     16290 -61057.00
     16320 -133956.00
     16350 -145181.00
     16380 -124581.00
     16410 -123225.00
     16440 -103982.00
     16470 -61427.00
     16500 -173921.00
     16530 -192793.00
     16560 -52053.00
     16590 -73515.00
     16620 -74379.00
     16650 -180211.00
     16680 -114960.00
     16710 -138643.00
     16740 -110396.00
     16770 -20106.00
     16800 -166150.00
     16830 -131366.00
     16860 -170837.00
     16890 -143454.00
     16920 -77586.00
     16950 -28370.00
     16980 -22943.00
     17010 -208828.00
     17040 -203278.00
     17070 -112247.00
     17100 -154185.00
     17130 -179841.00
     17160 -127418.00
     17190 -159736.00
     17220 -161216.00
     17250 -166643.00
     17280 -91278.00
     17310 -95225.00
     17340 -79683.00
     17370 -224370.00
     17400 -171700.00
     17430 -76722.00
     17460 -41815.00
     17490 -133709.00
     17520 -201427.00
     17550 -236952.00
     17580 -224987.00
     17610 -231031.00
     17640 -133833.00
     17670 -132352.00
     17700 -110150.00
     17730 -135806.00
     17760 -154432.00
     17790 -186255.00
     17820 -135806.00
     17850 -208211.00
     17880 -163929.00
     17910 -187612.00
     17940 -223260.00
     17970 -212159.00
     18000 -144194.00
     18030 -83630.00
     18060 -55013.00
     18090 -217216.00
     18120 -190203.00
     18150 -213639.00
     18180 -161709.00
     18210 -158132.00
     18240 -206855.00
     18270 -108793.00
     18300 -127912.00
     18330 -52756.00
     18360 -127048.00
     18390 -55013.00
     18420 -27137.00
     18450 -164793.00
     18480 -170467.00
     18510 -142344.00
     18540 -182432.00
     18570 -106819.00
     18600 -21216.00
     18630 -81286.00
     18660 -57604.00
     18690 -23806.00
     18720 -31084.00
     18750 -4687.00
     18780 -7154.00
     18810 -171207.00
     18840 -167013.00
     18870 -178855.00
     18900 -170960.00
     18930 -146784.00
     18960 -35031.00
     18990 -89181.00
     19020 -83753.00
     19050 -10361.00
     19080 -4934.00
     19110 -1974.00
     19140 -15048.00
     19170 -103119.00
     19200 -125075.00
     19230 -101639.00
     19260 -57727.00
     19290 -88934.00
     19320 -138520.00
     19350 -145057.00
     19380 -131242.00
     19440 -97938.00
     19470 -79436.00
     19500 -82520.00
     19530 -101639.00
     19560 -64634.00
     19590 -101022.00
     19620 -72652.00
     19650 -86220.00
     19680 -68952.00
     19710 -69568.00
     19740 -56370.00
     19800 -22856.00
     19920 -153848.00
     19950 -137736.00
     19980 -162071.00
     20010 -169748.00
     20040 -181791.00
     20070 -185506.00
     20100 -145500.00
     20130 -145497.00
     20160 -145497.00
     20190 -140434.00
     20220 -121969.00
     20460 -217960.00
     20490 -192920.00
