# Well Pumping Time Series Data for Well 101289 : Robles3
# Created on 12-Aug-2016 13:17:54
# Column-1: Time in days from beginning of model
# Column-2: Pumping Volume in cubic meters
         0  0.00
        90 -13198.00
       180 -16405.00
       210 -16405.00
       240 -16405.00
       270 -16405.00
       300 -16405.00
       330 -16405.00
       360 -18379.00
       390 -16652.00
       420 -13198.00
       450 -13198.00
       540 -16405.00
       570 -16405.00
       600 -16405.00
       630 -16405.00
       660 -16405.00
       690 -16405.00
       720 -18379.00
       750 -16652.00
       780 -13198.00
       810 -13198.00
       900 -16405.00
       930 -16405.00
       960 -16405.00
       990 -16405.00
      1020 -16405.00
      1050 -16405.00
      1080 -18379.00
      1110 -16652.00
      1140 -13198.00
      1170 -13198.00
      1260 -16405.00
      1290 -16405.00
      1320 -16405.00
      1350 -16405.00
      1380 -16405.00
      1410 -16405.00
      1440 -18379.00
      1470 -16652.00
      1500 -13198.00
      1530 -13198.00
      1620 -16405.00
      1650 -16405.00
      1680 -16405.00
      1710 -16405.00
      1740 -16405.00
      1770 -16405.00
      1800 -18379.00
      1830 -16652.00
      1860 -13198.00
      1890 -13198.00
      1980 -16405.00
      2010 -16405.00
      2040 -16405.00
      2070 -16405.00
      2100 -16405.00
      2130 -16405.00
      2160 -18379.00
      2190 -16652.00
      2220 -13198.00
      2250 -13198.00
      2340 -16405.00
      2370 -16405.00
      2400 -16405.00
      2430 -16405.00
      2460 -16405.00
      2490 -16405.00
      2520 -18379.00
      2550 -16652.00
      2580 -13198.00
      2610 -13198.00
      2700 -16405.00
      2730 -16405.00
      2760 -16405.00
      2790 -16405.00
      2820 -16405.00
      2850 -16405.00
      2880 -18379.00
      2910 -16652.00
      2940 -13198.00
      2970 -11718.00
      3210 -16405.00
      3240 -18379.00
      3270 -16652.00
      3300 -13198.00
      3330 -11718.00
      3360 -11718.00
      3600 -16405.00
      3630 -18379.00
      3660 -16652.00
      3690 -13198.00
      3930 -16405.00
      3960 -18379.00
      3990 -16652.00
      4020 -13198.00
      4050 -11718.00
      4290 -16405.00
      4320 -18379.00
      4350 -16652.00
      4380 -13198.00
      4620 -16405.00
      4650 -18379.00
      4680 -16652.00
      4710 -13198.00
      4740 -11718.00
      4770 -11718.00
      4980 -16405.00
      5010 -18379.00
      5040 -16652.00
      5070 -13198.00
      5100 -11718.00
      5130 -11718.00
      5370 -16405.00
      5400 -18379.00
      5430 -16652.00
      5460 -13198.00
      5490 -11718.00
      5730 -16405.00
      5760 -18379.00
      5790 -16652.00
      5820 -13198.00
      5850 -11718.00
      5880 -16652.00
      5910 -13198.00
      5940 -11718.00
      6120 -16652.00
      6150 -13198.00
      6180 -11718.00
      6420 -16405.00
      6450 -18379.00
      6480 -16652.00
      6510 -13198.00
      6540 -11718.00
      6570 -863.00
      6600 -20599.00
      6630 -23189.00
      6660 -18256.00
      6690 -14802.00
      6720 -10485.00
      6750 -9744.00
      6780 -8141.00
      6810 -2960.00
      7050 -1727.00
      7080 -7401.00
      7170 -2960.00
      8730 -11718.00
      8940 -16405.00
      8970 -18379.00
      9000 -16652.00
      9030 -13198.00
      9060 -11718.00
      9090 -11718.00
      9300 -16405.00
      9330 -18379.00
      9360 -16652.00
      9390 -13198.00
      9420 -11718.00
     10230 -46117.00
     10260 -1692.00
     10530 -34358.00
     10560 -2060.00
     10590 -7184.00
     10620 -219.00
     11250 -4307.00
     11280 -4548.00
     11340 -4964.00
     11370 -2665.00
     11400 -3044.00
     11430 -3443.00
     11460 -3307.00
     11490 -3559.00
     11520 -3828.00
     11550 -30901.00
     11580 -58210.00
     11610 -39067.00
     11640 -18950.00
     11670 -505.00
     11700 -64262.00
     11760 -4140.00
     11880 -3271.00
     11910 -331.00
     11940 -10440.00
     12000 -44322.00
     12030 -77106.00
     12060 -5547.00
     12090 -597.00
     12120 -603.00
     12150 -487.00
     12180 -462.00
     12210 -481.00
     12270 -515.00
     12300 -471.00
     12360 -118.00
     12390 -334.00
     12420 -303.00
     12450 -714.00
     12480 -572.00
     12690 -545.00
     12750 -54.00
     13530 -1019.00
     13560 -1141.00
     13620 -1181.00
     13650 -1085.00
     13770 -6785.00
     13800 -1079.00
     13830 -45253.00
     13860 -49418.00
     13890 -5312.00
     14220 -28.00
     15570 -123.00
     15630 -3084.00
     15660 -4441.00
     15930 -14062.00
     15960 -102255.00
     15990 -114960.00
     16020 -108546.00
     16350 -43418.00
     16380 -98185.00
     17040 -51930.00
     17070 -49709.00
     17100 -40828.00
     17130 -68335.00
     17160 -66238.00
     17190 -19612.00
     17430 -80546.00
     17460 -26273.00
     17820 -43665.00
     17850 -32070.00
     18150 -12335.00
     18180 -111013.00
     18210 -115577.00
     18240 -88811.00
     18450 -3700.00
     18840 -45515.00
     18870 -86837.00
