76
basin_ppt 1
basin_cfs 1
basin_gwflow_cfs 1
basin_sroff_cfs 1
basin_ssflow_cfs 1
basin_actet 1
basin_potet 1
basin_soil_moist 1
sub_cfs 1
sub_cfs 2
sub_cfs 3
sub_cfs 4
sub_cfs 5
sub_cfs 6
sub_cfs 7
sub_cfs 8
sub_cfs 9
sub_cfs 10
sub_cfs 11
sub_cfs 12
sub_cfs 13
sub_cfs 14
sub_cfs 15
sub_cfs 16
sub_cfs 17
subinc_precip 1
subinc_precip 2
subinc_precip 3
subinc_precip 4
subinc_precip 5
subinc_precip 6
subinc_precip 7
subinc_precip 8
subinc_precip 9
subinc_precip 10
subinc_precip 11
subinc_precip 12
subinc_precip 13
subinc_precip 14
subinc_precip 15
subinc_precip 16
subinc_precip 17
subinc_actet 1
subinc_actet 2
subinc_actet 3
subinc_actet 4
subinc_actet 5
subinc_actet 6
subinc_actet 7
subinc_actet 8
subinc_actet 9
subinc_actet 10
subinc_actet 11
subinc_actet 12
subinc_actet 13
subinc_actet 14
subinc_actet 15
subinc_actet 16
subinc_actet 17
subinc_potet 1
subinc_potet 2
subinc_potet 3
subinc_potet 4
subinc_potet 5
subinc_potet 6
subinc_potet 7
subinc_potet 8
subinc_potet 9
subinc_potet 10
subinc_potet 11
subinc_potet 12
subinc_potet 13
subinc_potet 14
subinc_potet 15
subinc_potet 16
subinc_potet 17
1 1991 10 1 0 0 0 0.000000 26463.506560 -27020.436839 0.651017 0.619094 0.114660 0.114714 0.987055 0.000000 0.619094 0.619094 0.377963 0.619094 0.619094 1.270111 0.000000 0.000462 0.377502 0.000000 0.000000 0.000000 0.241130 0.000000 0.000000 0.000000 0.000000 0.000000 0.000000 0.000000 0.000000 0.000000 0.000000 0.000000 0.000000 0.000000 0.000000 0.000000 0.000000 0.000000 0.000000 0.000000 0.000000 0.154270 0.113121 0.101797 0.114963 0.117044 0.104253 0.096904 0.118762 0.116855 0.111581 0.086893 0.112823 0.104363 0.118695 0.111656 0.111889 0.100568 0.117869 0.113929 0.103752 0.114976 0.117273 0.104890 0.101339 0.118765 0.117051 0.111585 0.086968 0.112825 0.104383 0.119075 0.111676 0.111928 0.100632 
2 1991 10 2 0 0 0 0.000000 890.187521 -373.163421 0.000000 0.361714 0.116873 0.130296 0.873047 0.000000 0.361714 0.361714 0.216577 0.361714 0.361714 0.361714 0.000000 0.000205 0.216372 0.000000 0.000000 0.000000 0.145137 0.000000 0.000000 0.000000 0.000000 0.000000 0.000000 0.000000 0.000000 0.000000 0.000000 0.000000 0.000000 0.000000 0.000000 0.000000 0.000000 0.000000 0.000000 0.000000 0.000000 0.192920 0.112461 0.066157 0.129104 0.091751 0.068690 0.077141 0.133589 0.126131 0.126913 0.097978 0.128349 0.109821 0.116023 0.125366 0.122644 0.084707 0.134146 0.128884 0.116561 0.130829 0.132853 0.118254 0.113803 0.135082 0.133146 0.126918 0.098065 0.128351 0.118425 0.135440 0.126982 0.127257 0.113865 
3 1991 10 3 0 0 0 0.000000 218.033946 -465.692446 0.000000 0.319913 0.090434 0.104970 0.784740 0.000000 0.319913 0.319913 0.192095 0.319913 0.319913 0.319913 0.000000 0.000123 0.191972 0.000000 0.000000 0.000000 0.127818 0.000000 0.000000 0.000000 0.000000 0.000000 0.000000 0.000000 0.000000 0.000000 0.000000 0.000000 0.000000 0.000000 0.000000 0.000000 0.000000 0.000000 0.000000 0.000000 0.000000 0.143623 0.100812 0.071681 0.097047 0.079218 0.069597 0.069369 0.095579 0.094463 0.095620 0.100085 0.096608 0.094713 0.086731 0.095907 0.094270 0.078056 0.101269 0.121406 0.133551 0.098810 0.118823 0.125193 0.130405 0.102055 0.100512 0.095624 0.101199 0.096682 0.102887 0.102768 0.097804 0.099888 0.109250 
4 1991 10 4 0 0 0 0.000000 208.077287 -215.223044 0.000000 0.294923 0.064979 0.092881 0.722710 0.000000 0.294923 0.294923 0.177128 0.294923 0.294923 0.294923 0.000000 0.000079 0.177049 0.000000 0.000000 0.000000 0.117795 0.000000 0.000000 0.000000 0.000000 0.000000 0.000000 0.000000 0.000000 0.000000 0.000000 0.000000 0.000000 0.000000 0.000000 0.000000 0.000000 0.000000 0.000000 0.000000 0.000000 0.105434 0.063231 0.047773 0.069471 0.055401 0.048084 0.043532 0.054401 0.075796 0.068449 0.072960 0.064222 0.073243 0.068953 0.073742 0.065032 0.058222 0.093041 0.098669 0.098173 0.090647 0.099415 0.095510 0.095794 0.093841 0.092394 0.087778 0.077330 0.088782 0.086760 0.094283 0.088632 0.089492 0.087267 
5 1991 10 5 0 0 0 0.045332 182.804730 -430.230328 0.329368 2.693476 0.056537 0.094633 0.701482 0.991869 2.419578 2.937536 1.766472 2.162468 2.805415 3.025015 0.971874 0.188866 0.369344 0.247386 0.118808 0.050096 0.329644 0.077757 0.028324 0.060471 0.063909 0.002474 0.039369 0.042645 0.027164 0.037969 0.056921 0.097923 0.024598 0.064908 0.871305 0.073884 0.047972 0.022967 0.034215 0.034120 0.051156 0.102807 0.046312 0.043027 0.063548 0.048947 0.041331 0.047549 0.056746 0.057811 0.066404 0.069256 0.059047 0.068790 0.056629 0.064475 0.054928 0.052174 0.099308 0.101809 0.093152 0.096847 0.099719 0.089131 0.091883 0.092121 0.094566 0.091982 0.069338 0.092106 0.086065 0.100323 0.093432 0.093739 0.081617 
6 1991 10 6 0 0 0 0.244791 189.528606 -235.129006 1.939050 28.652220 0.086341 0.101974 0.810480 12.428309 25.805886 30.051465 19.265658 22.083698 29.154433 30.614491 12.207829 1.873313 2.532522 3.664140 1.433230 0.530764 2.216856 0.792108 0.283627 0.625636 0.345106 0.013362 0.212593 0.230285 0.146687 0.205033 0.307372 0.528784 0.132830 0.350501 4.705048 0.398976 0.259049 0.124019 0.184763 0.184248 0.276240 0.148331 0.037031 0.059505 0.099706 0.070134 0.058257 0.090947 0.103994 0.090038 0.097468 0.080198 0.098550 0.089579 0.081296 0.095185 0.094514 0.074077 0.103622 0.105294 0.100420 0.100934 0.107283 0.099335 0.097962 0.104118 0.102611 0.097472 0.080288 0.098552 0.093809 0.104831 0.098135 0.098860 0.092463 
7 1991 10 7 0 0 0 0.414029 242.458774 -245.026053 3.752933 87.745257 0.100630 0.108171 1.043094 40.597857 78.868916 90.279222 61.346032 69.072012 88.209191 91.571588 39.895402 5.323758 7.743564 9.670859 4.642742 1.643368 6.036614 2.358986 0.837140 1.922418 0.583698 0.022600 0.359571 0.389495 0.248100 0.346784 0.519876 0.894363 0.224663 0.592823 7.957920 0.674811 0.438144 0.209761 0.312500 0.311629 0.467221 0.157044 0.036328 0.106157 0.106709 0.087908 0.105695 0.101151 0.110178 0.103823 0.103061 0.085915 0.104241 0.099801 0.095858 0.103001 0.102991 0.098794 0.109601 0.112447 0.108204 0.106721 0.114307 0.106696 0.105488 0.110179 0.108572 0.103065 0.086013 0.104243 0.099820 0.110934 0.103846 0.104692 0.098861 
8 1991 10 8 0 0 0 0.000000 196.129643 -340.161400 0.000000 36.923821 0.087014 0.112282 0.971055 15.669926 31.812808 36.703523 25.818034 30.197324 36.043163 36.957566 15.347714 3.032156 3.581147 1.565996 1.987312 0.814854 3.502881 1.247298 0.445408 0.922962 0.000000 0.000000 0.000000 0.000000 0.000000 0.000000 0.000000 0.000000 0.000000 0.000000 0.000000 0.000000 0.000000 0.000000 0.000000 0.000000 0.000000 0.162956 0.032069 0.096566 0.109997 0.074331 0.086638 0.103608 0.114445 0.072253 0.106988 0.088697 0.108224 0.103197 0.067159 0.091252 0.094937 0.101123 0.113900 0.116592 0.111857 0.110863 0.118616 0.110420 0.109004 0.114446 0.112764 0.106992 0.088800 0.108225 0.103485 0.115247 0.107811 0.108703 0.102365 
